HeaderParameters 1
PlaneSketch 41
P -0.299546 2.99905 1.59224
T 0 0 -1
N 0 -1 0
B 1 0 0
SketchPoints 351
-5.6125 0.475
-5.6625 0.475
-5.7875 0.475
-5.8625 0.45
-5.9375 0.4375
-6.0125 0.4125
-6.0875 0.375
-6.15 0.35
-6.2125 0.3
-6.275 0.25
-6.325 0.1875
-6.3625 0.1375
-6.4125 0.0375
-6.4375 -0.0125
-6.45 -0.0875
-6.45 -0.1625
-6.4375 -0.2125
-6.4125 -0.2625
-6.375 -0.3375
-6.325 -0.4125
-6.2625 -0.4875
-6.175 -0.575
-6.075 -0.675
-6 -0.7
-5.9375 -0.7375
-5.8375 -0.7625
-5.7375 -0.7875
-5.6125 -0.7875
-5.475 -0.7875
-5.3375 -0.7875
-5.2 -0.75
-5.0125 -0.7
-4.8375 -0.6375
-4.65 -0.55
-4.3625 -0.3875
-4.1625 -0.275
-3.9875 -0.1625
-3.825 -0.05
-3.6625 0.0625
-3.5375 0.1625
-3.425 0.275
-3.3 0.375
-3.15 0.4875
-3.0125 0.5875
-2.8625 0.7
-2.7125 0.8
-2.5375 0.9625
-2.425 1.0625
-2.2875 1.1625
-2.1375 1.275
-2 1.3375
-1.875 1.3875
-1.775 1.4
-1.7125 1.4125
-1.625 1.4125
-1.55 1.375
-1.475 1.3375
-1.425 1.3
-1.3625 1.2625
-1.2875 1.225
-1.2125 1.175
-1.15 1.125
-1.0875 1.0625
-1.025 1.0125
-0.95 0.9375
-0.8125 0.85
-0.675 0.75
-0.575 0.7
-0.4875 0.625
-0.4375 0.6
-0.4 0.5625
-0.3625 0.5125
-0.3 0.4625
-0.2375 0.3875
-0.1875 0.3375
-0.1375 0.275
-0.0875 0.2125
-0.025 0.15
0.0375 0.0625
0.125 -0.025
0.2625 -0.175
0.3625 -0.2625
0.4 -0.325
0.45 -0.375
0.4875 -0.4125
0.5375 -0.4375
0.575 -0.475
0.625 -0.5125
0.7 -0.55
0.7625 -0.5875
0.8375 -0.6125
0.9 -0.65
0.9875 -0.6875
1.05 -0.7125
1.1125 -0.725
1.175 -0.7375
1.25 -0.75
1.325 -0.7625
1.3875 -0.775
1.45 -0.7875
1.525 -0.8
1.5875 -0.8
1.6625 -0.8
1.7375 -0.8
1.85 -0.8
1.9125 -0.8
1.9625 -0.7875
2.025 -0.775
2.075 -0.75
2.1375 -0.7375
2.2125 -0.7125
2.2875 -0.675
2.3625 -0.65
2.425 -0.625
2.4875 -0.5875
2.55 -0.5625
2.65 -0.5
2.725 -0.4625
2.7875 -0.4125
2.8625 -0.3625
2.9375 -0.325
3.0375 -0.25
3.175 -0.15
3.3125 -0.05
3.4625 0.05
3.6 0.15
3.7375 0.25
3.8875 0.3625
4.1 0.5125
4.25 0.6125
4.35 0.6625
4.45 0.7125
4.55 0.7625
4.6375 0.8
4.725 0.825
4.7875 0.85
4.85 0.875
4.9 0.9
4.9625 0.925
5.075 0.975
5.1375 1
5.1875 1.025
5.2375 1.0375
5.2875 1.0625
5.35 1.0875
5.4 1.1
5.4625 1.125
5.5125 1.1375
5.575 1.15
5.625 1.1625
5.6875 1.175
5.75 1.175
5.8 1.175
5.85 1.1625
5.9125 1.15
5.975 1.1375
6.05 1.125
6.125 1.125
6.2125 1.125
6.275 1.1375
6.325 1.15
6.4125 1.1625
6.5125 1.2
6.5625 1.2125
6.6125 1.2375
6.6875 1.275
6.7625 1.3375
6.8125 1.3875
6.8625 1.4375
6.8875 1.4875
6.9125 1.5375
6.925 1.5875
6.95 1.65
6.9625 1.7125
6.975 1.775
6.9875 1.825
6.9875 1.875
6.9875 1.9625
6.9875 2.025
6.9625 2.1
6.925 2.1625
6.8875 2.2
6.85 2.2375
6.8125 2.275
6.7375 2.325
6.675 2.35
6.6 2.375
6.5125 2.4
6.45 2.4
6.4 2.4125
6.325 2.4125
6.25 2.4125
6.1625 2.4125
6.075 2.4125
6.0125 2.4125
5.9375 2.4125
5.8375 2.4125
5.775 2.4125
5.7125 2.4
5.65 2.4
5.575 2.4
5.5125 2.3875
5.4375 2.3875
5.3625 2.375
5.2875 2.3625
5.2125 2.3625
5.1375 2.35
5.0625 2.3375
4.95 2.3125
4.875 2.2875
4.8 2.275
4.725 2.25
4.65 2.2375
4.575 2.2125
4.5 2.1875
4.4375 2.175
4.375 2.15
4.3125 2.1125
4.2375 2.075
4.175 2.05
4.0625 2.0125
4 1.975
3.9375 1.9375
3.8625 1.8875
3.7875 1.85
3.725 1.8
3.65 1.775
3.5875 1.725
3.525 1.6875
3.4625 1.65
3.4125 1.6125
3.3625 1.5875
3.275 1.525
3.2 1.475
3.1375 1.425
3.0625 1.375
3 1.325
2.9375 1.2875
2.8625 1.25
2.775 1.2125
2.7 1.1625
2.6375 1.1125
2.575 1.075
2.5125 1.0375
2.425 0.975
2.3625 0.9375
2.3125 0.9
2.225 0.85
2.1375 0.8125
2.0625 0.775
1.975 0.75
1.8625 0.7125
1.8 0.7
1.75 0.7
1.6875 0.6875
1.625 0.7
1.55 0.7125
1.475 0.7375
1.425 0.775
1.35 0.825
1.2875 0.8625
1.2375 0.9125
1.175 0.9625
1.1125 1.0125
1.0625 1.05
1.0125 1.1
0.95 1.1375
0.9 1.175
0.85 1.2125
0.7875 1.2625
0.725 1.325
0.6625 1.3625
0.6125 1.4125
0.5625 1.45
0.5125 1.4875
0.4625 1.5375
0.425 1.575
0.375 1.6125
0.325 1.6625
0.2875 1.7
0.2375 1.7375
0.1875 1.7875
0.1 1.8625
0.05 1.9125
-0.0125 1.95
-0.075 2
-0.125 2.0375
-0.1875 2.075
-0.2625 2.125
-0.325 2.1625
-0.3875 2.1875
-0.4875 2.2375
-0.55 2.275
-0.6375 2.325
-0.6875 2.35
-0.7375 2.3625
-0.7875 2.3875
-0.85 2.4125
-0.9 2.45
-0.9625 2.475
-1.0125 2.5
-1.0625 2.5125
-1.1125 2.525
-1.1625 2.55
-1.2125 2.5625
-1.3 2.5875
-1.4125 2.6
-1.475 2.6125
-1.5375 2.6125
-1.6 2.625
-1.675 2.625
-1.7375 2.625
-1.8 2.625
-1.8625 2.625
-1.925 2.625
-1.9875 2.6125
-2.0625 2.5875
-2.1125 2.575
-2.2 2.55
-2.25 2.5375
-2.3 2.525
-2.35 2.5
-2.4 2.4875
-2.4875 2.45
-2.575 2.425
-2.65 2.3875
-2.7 2.375
-2.7875 2.3375
-2.8375 2.3125
-2.925 2.2625
-2.9875 2.2375
-3.0375 2.2125
-3.1125 2.1625
-3.1625 2.1375
-3.225 2.1
-3.275 2.075
-3.325 2.0375
-3.4125 1.975
-3.45 1.9375
-3.5 1.9125
-3.575 1.85
-3.65 1.7875
-3.725 1.7125
-3.7875 1.6625
-3.8375 1.6125
-3.9 1.55
-3.95 1.5
-3.9875 1.4375
-4.0375 1.3875
-4.075 1.35
-4.1125 1.3
BezierPoints 37
7.20474 0.774546
8.44289 0.774546
8.05418 -0.641287
6.92974 -0.487954
5.96465 -0.356351
5.03801 0.507293
4.30474 1.09955
4.0294 1.32193
3.63334 1.80807
3.21724 1.71205
2.22704 1.48354
1.7606 0.26306
0.967241 -0.212954
-0.622299 -1.16668
-1.96618 0.603289
-3.30776 1.19955
-3.97054 1.49412
-5.28069 1.20803
-5.39526 2.12455
-5.48645 2.85403
-4.49778 2.69955
-4.05776 2.69955
-3.21019 2.69955
-2.46351 2.32821
-1.77026 1.88705
-1.31627 1.59815
-0.761756 1.0611
-0.207759 0.999546
0.414408 0.930416
1.0868 1.85782
1.54224 2.21205
2.90765 3.27403
4.65876 2.99419
5.70474 1.59955
5.96153 1.25716
6.77676 0.774546
7.20474 0.774546
P -0.788883 2.99905 1.53993
T 0 1 0
N -0.118106 0 0.993001
B -0.993001 6.78994e-06 -0.118106
SketchPoints 151
0.275004 0.197561
0.312504 0.247564
0.337504 0.310059
0.350005 0.372565
0.375004 0.435063
0.387504 0.497564
0.400004 0.54756
0.400004 0.597563
0.412505 0.647568
0.425004 0.722567
0.425004 0.785058
0.412505 0.847563
0.412505 0.910063
0.400004 0.985063
0.375004 1.03506
0.362504 1.08506
0.337504 1.13506
0.312504 1.18506
0.287505 1.23506
0.262504 1.28506
0.237504 1.33506
0.212504 1.38506
0.200004 1.43506
0.200004 1.48507
0.250004 1.49756
0.300004 1.46006
0.350005 1.43506
0.412505 1.39756
0.475005 1.37256
0.537504 1.33506
0.600004 1.32256
0.662504 1.32256
0.737505 1.32256
0.787504 1.34756
0.837504 1.39756
0.875004 1.44756
0.912504 1.48506
0.950004 1.53506
0.987505 1.58506
1.0375 1.63506
1.1 1.69756
1.1625 1.76006
1.2125 1.79756
1.2625 1.83506
1.3375 1.89756
1.3875 1.93506
1.45 1.98506
1.5 2.02256
1.5375 2.06005
1.5875 2.11005
1.6375 2.14755
1.675 2.18505
1.725 2.22255
1.775 2.24755
1.825 2.28505
1.9 2.32255
1.975 2.36005
2.0625 2.38505
2.1125 2.39755
2.2125 2.42255
2.2625 2.43505
2.3125 2.44755
2.4 2.46005
2.45 2.46005
2.5 2.47255
2.55 2.46005
2.6375 2.47255
2.6875 2.47255
2.8125 2.47255
2.9125 2.47255
3 2.47255
3.075 2.46005
3.1375 2.46005
3.1 2.51005
3.05 2.53505
2.975 2.56005
2.925 2.58505
2.8375 2.62255
2.775 2.63505
2.725 2.64755
2.6375 2.66005
2.55 2.67255
2.425 2.68505
2.3625 2.69755
2.2875 2.69755
2.2 2.69755
2.1125 2.69755
2.05 2.69755
1.9625 2.68505
1.85 2.66005
1.8 2.64755
1.75 2.63505
1.6875 2.61005
1.625 2.59756
1.575 2.58505
1.525 2.57256
1.475 2.56005
1.3875 2.52256
1.3125 2.49756
1.25 2.46006
1.2 2.43506
1.125 2.38506
1.0375 2.33506
0.987505 2.31006
0.937504 2.28506
0.887504 2.24756
0.825004 2.22256
0.725004 2.17256
0.675005 2.13506
0.625004 2.11006
0.562504 2.08506
0.512504 2.06006
0.450004 2.03506
0.400004 2.01006
0.337504 1.98506
0.250004 1.94756
0.175004 1.91006
0.112504 1.87256
0.0625036 1.84756
3.57628e-06 1.81006
-0.0499964 1.78507
-0.0874953 1.74757
-0.137496 1.72257
-0.187496 1.68507
-0.237496 1.66007
-0.274995 1.62257
-0.312496 1.58507
-0.349996 1.54757
-0.387496 1.51007
-0.424996 1.46007
-0.474996 1.39757
-0.499996 1.33507
-0.524995 1.28507
-0.549996 1.21007
-0.562496 1.12257
-0.587497 1.03507
-0.599995 0.94757
-0.599995 0.885066
-0.599995 0.835066
-0.599995 0.76007
-0.599995 0.71007
-0.599995 0.66007
-0.599995 0.61007
-0.587497 0.56007
-0.587497 0.472569
-0.574996 0.410065
-0.562496 0.36007
-0.537496 0.297573
-0.512496 0.235069
-0.487496 0.185069
-0.449996 0.147565
BezierPoints 19
-0.274057 -0.376556
-0.444943 -0.148695
-0.278071 -0.0351191
-0.182252 0.220399
-0.156341 0.289495
-0.555749 0.0668423
-0.710252 0.18272
-1.20706 0.555331
-2.58766 0.194223
-3.00405 0.155613
-2.10293 0.412995
-0.292509 0.782123
0.144383 0.220399
0.358823 -0.0553102
0.394989 -0.142141
0.12016 -0.417001
-0.00830013 -0.545476
-0.165052 -0.521903
-0.274057 -0.376556
P -0.646674 2.99905 2.30966
T 0 1 0
N 0.253415 0 0.967358
B -0.967358 0 0.253415
SketchPoints 0
BezierPoints 19
-0.274057 -0.376556
-0.444943 -0.148695
-0.278071 -0.0351191
-0.182252 0.220399
-0.156341 0.289495
-0.555749 0.0668423
-0.710252 0.18272
-1.20706 0.555331
-2.58766 0.194223
-3.00405 0.155613
-2.10293 0.412995
-0.292509 0.782123
0.144383 0.220399
0.358823 -0.0553102
0.394989 -0.142141
0.12016 -0.417001
-0.00830013 -0.545476
-0.165052 -0.521903
-0.274057 -0.376556
P -0.287095 2.99905 3.02585
T 0 1 0
N 0.43481 0 0.900522
B -0.900522 0 0.43481
SketchPoints 0
BezierPoints 19
-0.274057 -0.376556
-0.444943 -0.148695
-0.278071 -0.0351191
-0.182252 0.220399
-0.156341 0.289495
-0.555749 0.0668423
-0.710252 0.18272
-1.20706 0.555331
-2.58766 0.194223
-3.00405 0.155613
-2.10293 0.412995
-0.292509 0.782123
0.144383 0.220399
0.358823 -0.0553102
0.394989 -0.142141
0.12016 -0.417001
-0.00830013 -0.545476
-0.165052 -0.521903
-0.274057 -0.376556
P 0.154742 2.99905 3.68976
T 0 1 0
N 0.48773 0 0.872995
B -0.872995 0 0.48773
SketchPoints 0
BezierPoints 19
-0.274057 -0.376556
-0.444943 -0.148695
-0.278071 -0.0351191
-0.182252 0.220399
-0.156341 0.289495
-0.555749 0.0668423
-0.710252 0.18272
-1.20706 0.555331
-2.58766 0.194223
-3.00405 0.155613
-2.10293 0.412995
-0.292509 0.782123
0.144383 0.220399
0.358823 -0.0553102
0.394989 -0.142141
0.12016 -0.417001
-0.00830013 -0.545476
-0.165052 -0.521903
-0.274057 -0.376556
P 0.6054 2.99905 4.35828
T 0 1 0
N 0.443933 0 0.89606
B -0.89606 0 0.443933
SketchPoints 0
BezierPoints 19
-0.274057 -0.376556
-0.444943 -0.148695
-0.278071 -0.0351191
-0.182252 0.220399
-0.156341 0.289495
-0.555749 0.0668423
-0.710252 0.18272
-1.20706 0.555331
-2.58766 0.194223
-3.00405 0.155613
-2.10293 0.412995
-0.292509 0.782123
0.144383 0.220399
0.358823 -0.0553102
0.394989 -0.142141
0.12016 -0.417001
-0.00830013 -0.545476
-0.165052 -0.521903
-0.274057 -0.376556
P 0.962052 2.99905 5.07622
T 0 1 0
N 0.17234 0 0.985038
B -0.985038 0 0.17234
SketchPoints 0
BezierPoints 19
-0.274057 -0.376556
-0.444943 -0.148695
-0.278071 -0.0351191
-0.182252 0.220399
-0.156341 0.289495
-0.555749 0.0668423
-0.710252 0.18272
-1.20706 0.555331
-2.58766 0.194223
-3.00405 0.155613
-2.10293 0.412995
-0.292509 0.782123
0.144383 0.220399
0.358823 -0.0553102
0.394989 -0.142141
0.12016 -0.417001
-0.00830013 -0.545476
-0.165052 -0.521903
-0.274057 -0.376556
P 1.08632 2.99905 5.86818
T 0 1 0
N 0.0287448 0 0.999587
B -0.999587 0 0.0287448
SketchPoints 0
BezierPoints 19
-0.274057 -0.376556
-0.444943 -0.148695
-0.278071 -0.0351191
-0.182252 0.220399
-0.156341 0.289495
-0.555749 0.0668423
-0.710252 0.18272
-1.20706 0.555331
-2.58766 0.194223
-3.00405 0.155613
-2.10293 0.412995
-0.292509 0.782123
0.144383 0.220399
0.358823 -0.0553102
0.394989 -0.142141
0.12016 -0.417001
-0.00830013 -0.545476
-0.165052 -0.521903
-0.274057 -0.376556
P 1.29033 2.99905 6.63601
T 0 1 0
N 0.409594 0 0.912268
B -0.912268 0 0.409594
SketchPoints 0
BezierPoints 19
-0.274057 -0.376556
-0.444943 -0.148695
-0.278071 -0.0351191
-0.182252 0.220399
-0.156341 0.289495
-0.555749 0.0668423
-0.710252 0.18272
-1.20706 0.555331
-2.58766 0.194223
-3.00405 0.155613
-2.10293 0.412995
-0.292509 0.782123
0.144383 0.220399
0.358823 -0.0553102
0.394989 -0.142141
0.12016 -0.417001
-0.00830013 -0.545476
-0.165052 -0.521903
-0.274057 -0.376556
P 1.96096 2.99905 6.99171
T 0 1 0
N 0.99976 0 0.0219152
B -0.0219152 0 0.99976
SketchPoints 0
BezierPoints 19
-0.274057 -0.376556
-0.444943 -0.148695
-0.278071 -0.0351191
-0.182252 0.220399
-0.156341 0.289495
-0.555749 0.0668423
-0.710252 0.18272
-1.20706 0.555331
-2.58766 0.194223
-3.00405 0.155613
-2.10293 0.412995
-0.292509 0.782123
0.144383 0.220399
0.358823 -0.0553102
0.394989 -0.142141
0.12016 -0.417001
-0.00830013 -0.545476
-0.165052 -0.521903
-0.274057 -0.376556
P 2.40077 2.99905 6.41531
T 0 1 0
N 0.206356 0 -0.978477
B 0.978477 0 0.206356
SketchPoints 0
BezierPoints 19
-0.274057 -0.376556
-0.444943 -0.148695
-0.278071 -0.0351191
-0.182252 0.220399
-0.156341 0.289495
-0.555749 0.0668423
-0.710252 0.18272
-1.20706 0.555331
-2.58766 0.194223
-3.00405 0.155613
-2.10293 0.412995
-0.292509 0.782123
0.144383 0.220399
0.358823 -0.0553102
0.394989 -0.142141
0.12016 -0.417001
-0.00830013 -0.545476
-0.165052 -0.521903
-0.274057 -0.376556
P 2.39983 2.99905 5.61826
T 0 1 0
N 0.087444 0 -0.996169
B 0.996169 0 0.087444
SketchPoints 0
BezierPoints 19
-0.274057 -0.376556
-0.444943 -0.148695
-0.278071 -0.0351191
-0.182252 0.220399
-0.156341 0.289495
-0.555749 0.0668423
-0.710252 0.18272
-1.20706 0.555331
-2.58766 0.194223
-3.00405 0.155613
-2.10293 0.412995
-0.292509 0.782123
0.144383 0.220399
0.358823 -0.0553102
0.394989 -0.142141
0.12016 -0.417001
-0.00830013 -0.545476
-0.165052 -0.521903
-0.274057 -0.376556
P 2.2847 2.99905 4.82449
T 0 1 0
N -0.169612 0 -0.985511
B 0.985511 0 -0.169612
SketchPoints 0
BezierPoints 19
-0.274057 -0.376556
-0.444943 -0.148695
-0.278071 -0.0351191
-0.182252 0.220399
-0.156341 0.289495
-0.555749 0.0668423
-0.710252 0.18272
-1.20706 0.555331
-2.58766 0.194223
-3.00405 0.155613
-2.10293 0.412995
-0.292509 0.782123
0.144383 0.220399
0.358823 -0.0553102
0.394989 -0.142141
0.12016 -0.417001
-0.00830013 -0.545476
-0.165052 -0.521903
-0.274057 -0.376556
P 1.99873 2.99905 4.0845
T 0 1 0
N -0.349251 0 -0.937029
B 0.937029 0 -0.349251
SketchPoints 0
BezierPoints 19
-0.274057 -0.376556
-0.444943 -0.148695
-0.278071 -0.0351191
-0.182252 0.220399
-0.156341 0.289495
-0.555749 0.0668423
-0.710252 0.18272
-1.20706 0.555331
-2.58766 0.194223
-3.00405 0.155613
-2.10293 0.412995
-0.292509 0.782123
0.144383 0.220399
0.358823 -0.0553102
0.394989 -0.142141
0.12016 -0.417001
-0.00830013 -0.545476
-0.165052 -0.521903
-0.274057 -0.376556
P 1.60401 2.99905 3.38852
T 0 1 0
N -0.448893 0 -0.893585
B 0.893585 0 -0.448893
SketchPoints 0
BezierPoints 19
-0.274057 -0.376556
-0.444943 -0.148695
-0.278071 -0.0351191
-0.182252 0.220399
-0.156341 0.289495
-0.555749 0.0668423
-0.710252 0.18272
-1.20706 0.555331
-2.58766 0.194223
-3.00405 0.155613
-2.10293 0.412995
-0.292509 0.782123
0.144383 0.220399
0.358823 -0.0553102
0.394989 -0.142141
0.12016 -0.417001
-0.00830013 -0.545476
-0.165052 -0.521903
-0.274057 -0.376556
P 1.14301 2.99905 2.74086
T 0 1 0
N -0.495469 0 -0.868625
B 0.868625 0 -0.495469
SketchPoints 0
BezierPoints 19
-0.274057 -0.376556
-0.444943 -0.148695
-0.278071 -0.0351191
-0.182252 0.220399
-0.156341 0.289495
-0.555749 0.0668423
-0.710252 0.18272
-1.20706 0.555331
-2.58766 0.194223
-3.00405 0.155613
-2.10293 0.412995
-0.292509 0.782123
0.144383 0.220399
0.358823 -0.0553102
0.394989 -0.142141
0.12016 -0.417001
-0.00830013 -0.545476
-0.165052 -0.521903
-0.274057 -0.376556
P 0.755951 2.99905 2.04485
T 0 1 0
N -0.224745 0 -0.974418
B 0.974418 0 -0.224745
SketchPoints 0
BezierPoints 19
-0.274057 -0.376556
-0.444943 -0.148695
-0.278071 -0.0351191
-0.182252 0.220399
-0.156341 0.289495
-0.555749 0.0668423
-0.710252 0.18272
-1.20706 0.555331
-2.58766 0.194223
-3.00405 0.155613
-2.10293 0.412995
-0.292509 0.782123
0.144383 0.220399
0.358823 -0.0553102
0.394989 -0.142141
0.12016 -0.417001
-0.00830013 -0.545476
-0.165052 -0.521903
-0.274057 -0.376556
P 0.833719 2.99905 1.2856
T 0 1 0
N 0.576747 0 -0.816923
B 0.816923 0 0.576747
SketchPoints 0
BezierPoints 19
-0.274057 -0.376556
-0.444943 -0.148695
-0.278071 -0.0351191
-0.182252 0.220399
-0.156341 0.289495
-0.555749 0.0668423
-0.710252 0.18272
-1.20706 0.555331
-2.58766 0.194223
-3.00405 0.155613
-2.10293 0.412995
-0.292509 0.782123
0.144383 0.220399
0.358823 -0.0553102
0.394989 -0.142141
0.12016 -0.417001
-0.00830013 -0.545476
-0.165052 -0.521903
-0.274057 -0.376556
P 1.33385 2.99905 0.661633
T 0 1 0
N 0.761617 0 -0.648027
B 0.648027 0 0.761617
SketchPoints 0
BezierPoints 19
-0.274057 -0.376556
-0.444943 -0.148695
-0.278071 -0.0351191
-0.182252 0.220399
-0.156341 0.289495
-0.555749 0.0668423
-0.710252 0.18272
-1.20706 0.555331
-2.58766 0.194223
-3.00405 0.155613
-2.10293 0.412995
-0.292509 0.782123
0.144383 0.220399
0.358823 -0.0553102
0.394989 -0.142141
0.12016 -0.417001
-0.00830013 -0.545476
-0.165052 -0.521903
-0.274057 -0.376556
P 1.88774 2.99905 0.0810685
T 0 1 0
N 0.705099 0 -0.709109
B 0.709109 0 0.705099
SketchPoints 0
BezierPoints 19
-0.274057 -0.376556
-0.444943 -0.148695
-0.278071 -0.0351191
-0.182252 0.220399
-0.156341 0.289495
-0.555749 0.0668423
-0.710252 0.18272
-1.20706 0.555331
-2.58766 0.194223
-3.00405 0.155613
-2.10293 0.412995
-0.292509 0.782123
0.144383 0.220399
0.358823 -0.0553102
0.394989 -0.142141
0.12016 -0.417001
-0.00830013 -0.545476
-0.165052 -0.521903
-0.274057 -0.376556
P 2.30554 2.99905 -0.597715
T 0 1 0
N 0.499056 0 -0.86657
B 0.86657 0 0.499056
SketchPoints 0
BezierPoints 19
-0.274057 -0.376556
-0.444943 -0.148695
-0.278071 -0.0351191
-0.182252 0.220399
-0.156341 0.289495
-0.555749 0.0668423
-0.710252 0.18272
-1.20706 0.555331
-2.58766 0.194223
-3.00405 0.155613
-2.10293 0.412995
-0.292509 0.782123
0.144383 0.220399
0.358823 -0.0553102
0.394989 -0.142141
0.12016 -0.417001
-0.00830013 -0.545476
-0.165052 -0.521903
-0.274057 -0.376556
P 2.53212 2.99905 -1.3773
T 0 1 0
N 0.233632 0 -0.972325
B 0.972325 0 0.233632
SketchPoints 0
BezierPoints 19
-0.274057 -0.376556
-0.444943 -0.148695
-0.278071 -0.0351191
-0.182252 0.220399
-0.156341 0.289495
-0.555749 0.0668423
-0.710252 0.18272
-1.20706 0.555331
-2.58766 0.194223
-3.00405 0.155613
-2.10293 0.412995
-0.292509 0.782123
0.144383 0.220399
0.358823 -0.0553102
0.394989 -0.142141
0.12016 -0.417001
-0.00830013 -0.545476
-0.165052 -0.521903
-0.274057 -0.376556
P 2.52226 2.99905 -2.18427
T 0 1 0
N -0.0636562 0 -0.997972
B 0.997972 0 -0.0636562
SketchPoints 0
BezierPoints 19
-0.274057 -0.376556
-0.444943 -0.148695
-0.278071 -0.0351191
-0.182252 0.220399
-0.156341 0.289495
-0.555749 0.0668423
-0.710252 0.18272
-1.20706 0.555331
-2.58766 0.194223
-3.00405 0.155613
-2.10293 0.412995
-0.292509 0.782123
0.144383 0.220399
0.358823 -0.0553102
0.394989 -0.142141
0.12016 -0.417001
-0.00830013 -0.545476
-0.165052 -0.521903
-0.274057 -0.376556
P 2.28399 2.99905 -2.93787
T 0 1 0
N -0.341795 0 -0.939775
B 0.939775 0 -0.341795
SketchPoints 0
BezierPoints 19
-0.274057 -0.376556
-0.444943 -0.148695
-0.278071 -0.0351191
-0.182252 0.220399
-0.156341 0.289495
-0.555749 0.0668423
-0.710252 0.18272
-1.20706 0.555331
-2.58766 0.194223
-3.00405 0.155613
-2.10293 0.412995
-0.292509 0.782123
0.144383 0.220399
0.358823 -0.0553102
0.394989 -0.142141
0.12016 -0.417001
-0.00830013 -0.545476
-0.165052 -0.521903
-0.274057 -0.376556
P 1.84364 2.99905 -3.60713
T 0 1 0
N -0.575405 0 -0.817869
B 0.817869 0 -0.575405
SketchPoints 0
BezierPoints 19
-0.274057 -0.376556
-0.444943 -0.148695
-0.278071 -0.0351191
-0.182252 0.220399
-0.156341 0.289495
-0.555749 0.0668423
-0.710252 0.18272
-1.20706 0.555331
-2.58766 0.194223
-3.00405 0.155613
-2.10293 0.412995
-0.292509 0.782123
0.144383 0.220399
0.358823 -0.0553102
0.394989 -0.142141
0.12016 -0.417001
-0.00830013 -0.545476
-0.165052 -0.521903
-0.274057 -0.376556
P 1.25033 2.99905 -4.15277
T 0 1 0
N -0.686876 0 -0.726775
B 0.726775 0 -0.686876
SketchPoints 0
BezierPoints 19
-0.274057 -0.376556
-0.444943 -0.148695
-0.278071 -0.0351191
-0.182252 0.220399
-0.156341 0.289495
-0.555749 0.0668423
-0.710252 0.18272
-1.20706 0.555331
-2.58766 0.194223
-3.00405 0.155613
-2.10293 0.412995
-0.292509 0.782123
0.144383 0.220399
0.358823 -0.0553102
0.394989 -0.142141
0.12016 -0.417001
-0.00830013 -0.545476
-0.165052 -0.521903
-0.274057 -0.376556
P 0.766491 2.99905 -4.7853
T 0 1 0
N -0.407712 0 -0.913111
B 0.913111 0 -0.407712
SketchPoints 0
BezierPoints 19
-0.274057 -0.376556
-0.444943 -0.148695
-0.278071 -0.0351191
-0.182252 0.220399
-0.156341 0.289495
-0.555749 0.0668423
-0.710252 0.18272
-1.20706 0.555331
-2.58766 0.194223
-3.00405 0.155613
-2.10293 0.412995
-0.292509 0.782123
0.144383 0.220399
0.358823 -0.0553102
0.394989 -0.142141
0.12016 -0.417001
-0.00830013 -0.545476
-0.165052 -0.521903
-0.274057 -0.376556
P 0.480504 2.99905 -5.52795
T 0 1 0
N -0.023384 0 -0.999727
B 0.999727 0 -0.023384
SketchPoints 0
BezierPoints 19
-0.274057 -0.376556
-0.444943 -0.148695
-0.278071 -0.0351191
-0.182252 0.220399
-0.156341 0.289495
-0.555749 0.0668423
-0.710252 0.18272
-1.20706 0.555331
-2.58766 0.194223
-3.00405 0.155613
-2.10293 0.412995
-0.292509 0.782123
0.144383 0.220399
0.358823 -0.0553102
0.394989 -0.142141
0.12016 -0.417001
-0.00830013 -0.545476
-0.165052 -0.521903
-0.274057 -0.376556
P 0.24433 2.99905 -6.26058
T 0 1 0
N -0.688406 0 -0.725326
B 0.725326 0 -0.688406
SketchPoints 0
BezierPoints 19
-0.274057 -0.376556
-0.444943 -0.148695
-0.278071 -0.0351191
-0.182252 0.220399
-0.156341 0.289495
-0.555749 0.0668423
-0.710252 0.18272
-1.20706 0.555331
-2.58766 0.194223
-3.00405 0.155613
-2.10293 0.412995
-0.292509 0.782123
0.144383 0.220399
0.358823 -0.0553102
0.394989 -0.142141
0.12016 -0.417001
-0.00830013 -0.545476
-0.165052 -0.521903
-0.274057 -0.376556
P -0.486689 2.99905 -6.22066
T 0 1 0
N -0.830136 0 0.557561
B -0.557561 0 -0.830136
SketchPoints 0
BezierPoints 19
-0.274057 -0.376556
-0.444943 -0.148695
-0.278071 -0.0351191
-0.182252 0.220399
-0.156341 0.289495
-0.555749 0.0668423
-0.710252 0.18272
-1.20706 0.555331
-2.58766 0.194223
-3.00405 0.155613
-2.10293 0.412995
-0.292509 0.782123
0.144383 0.220399
0.358823 -0.0553102
0.394989 -0.142141
0.12016 -0.417001
-0.00830013 -0.545476
-0.165052 -0.521903
-0.274057 -0.376556
P -0.799107 2.99905 -5.50839
T 0 1 0
N -0.101376 0 0.994848
B -0.994848 0 -0.101376
SketchPoints 0
BezierPoints 19
-0.274057 -0.376556
-0.444943 -0.148695
-0.278071 -0.0351191
-0.182252 0.220399
-0.156341 0.289495
-0.555749 0.0668423
-0.710252 0.18272
-1.20706 0.555331
-2.58766 0.194223
-3.00405 0.155613
-2.10293 0.412995
-0.292509 0.782123
0.144383 0.220399
0.358823 -0.0553102
0.394989 -0.142141
0.12016 -0.417001
-0.00830013 -0.545476
-0.165052 -0.521903
-0.274057 -0.376556
P -0.614063 2.99905 -4.72895
T 0 1 0
N 0.296315 0 0.95509
B -0.95509 0 0.296315
SketchPoints 0
BezierPoints 19
-0.274057 -0.376556
-0.444943 -0.148695
-0.278071 -0.0351191
-0.182252 0.220399
-0.156341 0.289495
-0.555749 0.0668423
-0.710252 0.18272
-1.20706 0.555331
-2.58766 0.194223
-3.00405 0.155613
-2.10293 0.412995
-0.292509 0.782123
0.144383 0.220399
0.358823 -0.0553102
0.394989 -0.142141
0.12016 -0.417001
-0.00830013 -0.545476
-0.165052 -0.521903
-0.274057 -0.376556
P -0.225476 2.99905 -4.025
T 0 1 0
N 0.470132 0 0.882596
B -0.882596 0 0.470132
SketchPoints 0
BezierPoints 19
-0.274057 -0.376556
-0.444943 -0.148695
-0.278071 -0.0351191
-0.182252 0.220399
-0.156341 0.289495
-0.555749 0.0668423
-0.710252 0.18272
-1.20706 0.555331
-2.58766 0.194223
-3.00405 0.155613
-2.10293 0.412995
-0.292509 0.782123
0.144383 0.220399
0.358823 -0.0553102
0.394989 -0.142141
0.12016 -0.417001
-0.00830013 -0.545476
-0.165052 -0.521903
-0.274057 -0.376556
P 0.255712 2.99905 -3.37675
T 0 1 0
N 0.545737 0 0.837956
B -0.837956 0 0.545737
SketchPoints 0
BezierPoints 19
-0.274057 -0.376556
-0.444943 -0.148695
-0.278071 -0.0351191
-0.182252 0.220399
-0.156341 0.289495
-0.555749 0.0668423
-0.710252 0.18272
-1.20706 0.555331
-2.58766 0.194223
-3.00405 0.155613
-2.10293 0.412995
-0.292509 0.782123
0.144383 0.220399
0.358823 -0.0553102
0.394989 -0.142141
0.12016 -0.417001
-0.00830013 -0.545476
-0.165052 -0.521903
-0.274057 -0.376556
P 0.759622 2.99905 -2.76229
T 0 1 0
N 0.552019 0 0.833832
B -0.833832 0 0.552019
SketchPoints 0
BezierPoints 19
-0.274057 -0.376556
-0.444943 -0.148695
-0.278071 -0.0351191
-0.182252 0.220399
-0.156341 0.289495
-0.555749 0.0668423
-0.710252 0.18272
-1.20706 0.555331
-2.58766 0.194223
-3.00405 0.155613
-2.10293 0.412995
-0.292509 0.782123
0.144383 0.220399
0.358823 -0.0553102
0.394989 -0.142141
0.12016 -0.417001
-0.00830013 -0.545476
-0.165052 -0.521903
-0.274057 -0.376556
P 1.27508 2.99905 -2.15119
T 0 1 0
N 0.467924 0 0.883769
B -0.883769 0 0.467924
SketchPoints 0
BezierPoints 19
-0.274057 -0.376556
-0.444943 -0.148695
-0.278071 -0.0351191
-0.182252 0.220399
-0.156341 0.289495
-0.555749 0.0668423
-0.710252 0.18272
-1.20706 0.555331
-2.58766 0.194223
-3.00405 0.155613
-2.10293 0.412995
-0.292509 0.782123
0.144383 0.220399
0.358823 -0.0553102
0.394989 -0.142141
0.12016 -0.417001
-0.00830013 -0.545476
-0.165052 -0.521903
-0.274057 -0.376556
P 1.34231 2.99905 -1.40382
T 0 1 0
N -0.46604 0 0.884764
B -0.884764 0 -0.46604
SketchPoints 0
BezierPoints 19
-0.274057 -0.376556
-0.444943 -0.148695
-0.278071 -0.0351191
-0.182252 0.220399
-0.156341 0.289495
-0.555749 0.0668423
-0.710252 0.18272
-1.20706 0.555331
-2.58766 0.194223
-3.00405 0.155613
-2.10293 0.412995
-0.292509 0.782123
0.144383 0.220399
0.358823 -0.0553102
0.394989 -0.142141
0.12016 -0.417001
-0.00830013 -0.545476
-0.165052 -0.521903
-0.274057 -0.376556
P 0.887787 2.99905 -0.746761
T 0 1 0
N -0.764007 0 0.645208
B -0.645208 0 -0.764007
SketchPoints 0
BezierPoints 19
-0.274057 -0.376556
-0.444943 -0.148695
-0.278071 -0.0351191
-0.182252 0.220399
-0.156341 0.289495
-0.555749 0.0668423
-0.710252 0.18272
-1.20706 0.555331
-2.58766 0.194223
-3.00405 0.155613
-2.10293 0.412995
-0.292509 0.782123
0.144383 0.220399
0.358823 -0.0553102
0.394989 -0.142141
0.12016 -0.417001
-0.00830013 -0.545476
-0.165052 -0.521903
-0.274057 -0.376556
P 0.287077 2.99905 -0.209526
T 0 1 0
N -0.824512 0 0.565845
B -0.565845 0 -0.824512
SketchPoints 0
BezierPoints 19
-0.274057 -0.376556
-0.444943 -0.148695
-0.278071 -0.0351191
-0.182252 0.220399
-0.156341 0.289495
-0.555749 0.0668423
-0.710252 0.18272
-1.20706 0.555331
-2.58766 0.194223
-3.00405 0.155613
-2.10293 0.412995
-0.292509 0.782123
0.144383 0.220399
0.358823 -0.0553102
0.394989 -0.142141
0.12016 -0.417001
-0.00830013 -0.545476
-0.165052 -0.521903
-0.274057 -0.376556
P -0.297717 2.99905 0.335721
T 0 1 0
N -0.731592 0 0.681743
B -0.681743 0 -0.731592
SketchPoints 0
BezierPoints 19
-0.274057 -0.376556
-0.444943 -0.148695
-0.278071 -0.0351191
-0.182252 0.220399
-0.156341 0.289495
-0.555749 0.0668423
-0.710252 0.18272
-1.20706 0.555331
-2.58766 0.194223
-3.00405 0.155613
-2.10293 0.412995
-0.292509 0.782123
0.144383 0.220399
0.358823 -0.0553102
0.394989 -0.142141
0.12016 -0.417001
-0.00830013 -0.545476
-0.165052 -0.521903
-0.274057 -0.376556
P -0.698169 2.99905 1.02251
T 0 1 0
N -0.410612 0 0.91181
B -0.91181 0 -0.410612
SketchPoints 0
BezierPoints 19
-0.274057 -0.376556
-0.444943 -0.148695
-0.278071 -0.0351191
-0.182252 0.220399
-0.156341 0.289495
-0.555749 0.0668423
-0.710252 0.18272
-1.20706 0.555331
-2.58766 0.194223
-3.00405 0.155613
-2.10293 0.412995
-0.292509 0.782123
0.144383 0.220399
0.358823 -0.0553102
0.394989 -0.142141
0.12016 -0.417001
-0.00830013 -0.545476
-0.165052 -0.521903
-0.274057 -0.376556
