HeaderParameters 1
PlaneSketch 126
P 0 2.3113 7.70273
T -1 0 0
N 0 -0.258546 0.965999
B 0 -0.965999 -0.258546
SketchPoints 23
0.290954 0.354565
0.249389 0.409985
0.221679 0.465405
0.180114 0.506969
0.124694 0.534678
0.0692747 0.562388
0.0138549 0.562388
-0.0415649 0.562388
-0.0969847 0.548534
-0.152404 0.534678
-0.207824 0.506969
-0.263244 0.479259
-0.290954 0.423839
-0.304809 0.368419
-0.304809 0.313
-0.290954 0.25758
-0.249389 0.216014
-0.207824 0.160595
-0.152404 0.119031
-0.0969846 0.0913211
-0.0415648 0.0913211
0.013855 0.0913211
0.0692748 0.0774652
BezierPoints 7
0.0306593 0.132956
-0.205319 0.153845
-0.214666 -0.149669
0.0111503 -0.160907
0.255641 -0.173073
0.228191 0.11547
0.0306593 0.132956
P 0 2.23447 2.70843
T -1 0 0
N 0 -0.10847 0.9941
B 0 -0.9941 -0.10847
SketchPoints 18
-0.167236 0.24841
-0.209045 0.213565
-0.236917 0.171757
-0.236917 0.116012
-0.216013 0.0672345
-0.181172 0.0254293
-0.139363 -0.00941542
-0.0905859 -0.0233517
-0.0348407 -0.0303203
0.0209045 -0.0303203
0.0766498 -0.00244704
0.125427 0.0254293
0.167236 0.0602661
0.202077 0.102079
0.202077 0.157821
0.202077 0.213565
0.202077 0.269311
0.153299 0.290216
BezierPoints 7
-0.067271 -0.207826
0.264243 -0.29837
0.300806 0.117313
0.0169959 0.135838
-0.238899 0.15254
-0.264907 -0.153848
-0.067271 -0.207826
P 0 2.24625 3.30204
T -1 0 0
N 0 0.167013 0.985955
B 0 -0.985955 0.167013
SketchPoints 0
BezierPoints 7
-0.0585575 -0.202613
0.263287 -0.284448
0.292738 0.117108
0.0185141 0.135518
-0.235168 0.152685
-0.259325 -0.153383
-0.0585575 -0.202613
P 0 2.40295 3.87316
T -1 0 0
N 0 0.33581 0.94193
B 0 -0.94193 0.33581
SketchPoints 0
BezierPoints 7
-0.0498441 -0.1974
0.262331 -0.270526
0.284669 0.116904
0.0200322 0.135197
-0.231437 0.15283
-0.253743 -0.152919
-0.0498441 -0.1974
P 0 2.63343 4.42118
T -1 0 0
N 0 0.382633 0.923901
B 0 -0.923901 0.382633
SketchPoints 0
BezierPoints 7
-0.0411306 -0.192186
0.261376 -0.256604
0.276601 0.116699
0.0215504 0.134877
-0.227706 0.152975
-0.24816 -0.152455
-0.0411306 -0.192186
P 0 2.86827 4.97178
T -1 0 0
N 0 0.313357 0.949635
B 0 -0.949635 0.313357
SketchPoints 0
BezierPoints 7
-0.0324171 -0.186973
0.26042 -0.242682
0.268532 0.116494
0.0230685 0.134557
-0.223975 0.15312
-0.242578 -0.151991
-0.0324171 -0.186973
P 0 3.03804 5.55065
T -1 0 0
N 0 0.12409 0.992271
B 0 -0.992271 0.12409
SketchPoints 0
BezierPoints 7
-0.0237036 -0.18176
0.259464 -0.228761
0.260464 0.116289
0.0245867 0.134237
-0.220243 0.153265
-0.236996 -0.151526
-0.0237036 -0.18176
P 0 3.0758 6.15016
T -1 0 0
N 0 -0.147314 0.98909
B 0 -0.98909 -0.147314
SketchPoints 0
BezierPoints 7
-0.0149901 -0.176547
0.258508 -0.214839
0.252396 0.116084
0.0261048 0.133917
-0.216512 0.15341
-0.231413 -0.151062
-0.0149901 -0.176547
P 0 2.83936 6.69085
T -1 0 0
N 0 -0.686378 0.727245
B 0 -0.727245 -0.686378
SketchPoints 0
BezierPoints 7
-0.00627665 -0.171333
0.257552 -0.200917
0.244327 0.11588
0.027623 0.133596
-0.212781 0.153555
-0.225831 -0.150598
-0.00627665 -0.171333
P 0 2.47491 7.159
T -1 0 0
N 0 -0.611101 0.791553
B 0 -0.791553 -0.611101
SketchPoints 0
BezierPoints 7
0.00243683 -0.16612
0.256596 -0.186995
0.236259 0.115675
0.0291411 0.133276
-0.20905 0.1537
-0.220248 -0.150134
0.00243683 -0.16612
P 0 3 0
T 0 1 0
N 1 0 0
B 0 0 1
SketchPoints 232
-0.396188 -1.80542
-0.416249 -1.8656
-0.466399 -1.95587
-0.50652 -2.01605
-0.52658 -2.0662
-0.55667 -2.11635
-0.59679 -2.15647
-0.636911 -2.18656
-0.687061 -2.22668
-0.727181 -2.27683
-0.747242 -2.33701
-0.757272 -2.39719
-0.777332 -2.45737
-0.777332 -2.50752
-0.777332 -2.55767
-0.777332 -2.63791
-0.777332 -2.69809
-0.777332 -2.74824
-0.777332 -2.84855
-0.777332 -2.93882
-0.777332 -2.999
-0.777332 -3.05918
-0.767302 -3.15948
-0.757272 -3.20963
-0.757272 -3.27984
-0.737212 -3.34002
-0.727181 -3.4002
-0.717151 -3.45035
-0.697091 -3.5005
-0.667001 -3.55065
-0.636911 -3.59077
-0.60682 -3.65095
-0.5667 -3.69107
-0.52658 -3.76128
-0.486459 -3.81143
-0.476429 -3.86158
-0.456369 -3.92177
-0.446339 -3.98195
-0.426279 -4.04213
-0.406219 -4.09228
-0.386158 -4.14243
-0.376128 -4.19258
-0.356068 -4.24273
-0.336008 -4.29288
-0.325978 -4.34303
-0.295888 -4.38315
-0.265797 -4.44333
-0.225677 -4.52357
-0.205617 -4.57372
-0.175527 -4.65396
-0.155466 -4.7342
-0.125376 -4.82447
-0.105316 -4.88465
-0.0852559 -4.97492
-0.0752256 -5.03511
-0.0451355 -5.15547
-0.0150452 -5.25577
0.00501513 -5.34604
0.0150452 -5.40622
0.0250752 -5.45637
0.0451355 -5.51655
0.0451355 -5.58676
0.0651956 -5.68706
0.0752256 -5.73721
0.0752256 -5.78736
0.0752256 -5.85757
0.0752256 -5.94784
0.0752256 -5.99799
0.0752256 -6.09829
0.0752256 -6.15847
0.0651956 -6.23872
0.0351052 -6.31896
0.00501513 -6.37914
-0.0150452 -6.44935
-0.0451355 -6.50953
-0.0752256 -6.57974
-0.105316 -6.62989
-0.155466 -6.68004
-0.195587 -6.74022
-0.225677 -6.78034
-0.255767 -6.82046
-0.285858 -6.86058
-0.325978 -6.91073
-0.366098 -6.96088
-0.416249 -7.001
-0.456369 -7.06118
-0.49649 -7.12136
-0.52658 -7.16148
-0.55667 -7.22166
-0.57673 -7.27181
-0.60682 -7.34203
-0.626881 -7.41224
-0.667001 -7.51254
-0.677031 -7.57272
-0.677031 -7.62287
-0.697091 -7.68305
-0.697091 -7.7332
-0.697091 -7.80341
-0.707121 -7.85356
-0.717151 -7.9338
-0.727181 -8.00401
-0.737212 -8.06419
-0.737212 -8.12437
-0.747242 -8.17452
-0.747242 -8.22467
-0.747242 -8.27482
-0.747242 -8.3651
-0.747242 -8.41525
-0.747242 -8.4654
-0.747242 -8.53561
-0.747242 -8.60582
-0.737212 -8.65597
-0.707121 -8.61585
-0.677031 -8.5657
-0.636911 -8.50552
-0.59679 -8.43531
-0.59679 -8.38515
-0.57673 -8.335
-0.57673 -8.28485
-0.5667 -8.2347
-0.55667 -8.18455
-0.53661 -8.1344
-0.52658 -8.08425
-0.50652 -8.0341
-0.456369 -7.97392
-0.416249 -7.92377
-0.376128 -7.88365
-0.336008 -7.85356
-0.285858 -7.80341
-0.235707 -7.77332
-0.185557 -7.75326
-0.145436 -7.72317
-0.105316 -7.68305
-0.0551655 -7.66299
-0.00501513 -7.64293
0.0451355 -7.6329
0.105316 -7.60281
0.155466 -7.57272
0.195587 -7.54263
0.245737 -7.52257
0.285858 -7.49248
0.336008 -7.45236
0.386158 -7.41224
0.426279 -7.37212
0.456369 -7.332
0.486459 -7.29188
0.50652 -7.24172
0.53661 -7.2016
0.55667 -7.14142
0.57673 -7.08124
0.58676 -7.03109
0.60682 -6.98094
0.626881 -6.93079
0.646941 -6.86058
0.667001 -6.79037
0.677031 -6.71013
0.687061 -6.63992
0.697091 -6.57974
0.697091 -6.51956
0.697091 -6.44935
0.697091 -6.3992
0.697091 -6.31896
0.697091 -6.25878
0.697091 -6.20863
0.697091 -6.13841
0.697091 -6.0682
0.697091 -6.01805
0.697091 -5.91775
0.687061 -5.83751
0.677031 -5.75727
0.667001 -5.68706
0.656971 -5.61685
0.636911 -5.52658
0.636911 -5.4664
0.626881 -5.39619
0.626881 -5.32598
0.60682 -5.2658
0.59679 -5.19559
0.58676 -5.10532
0.58676 -5.03511
0.5667 -4.98495
0.5667 -4.91474
0.53661 -4.8345
0.51655 -4.75426
0.49649 -4.68405
0.486459 -4.62387
0.456369 -4.56369
0.436309 -4.50351
0.406219 -4.40321
0.396188 -4.35306
0.376128 -4.29288
0.346038 -4.20261
0.325978 -4.1324
0.315948 -4.07222
0.305918 -4.01204
0.285858 -3.95186
0.285858 -3.88164
0.275827 -3.82146
0.275827 -3.77131
0.255767 -3.72116
0.255767 -3.66098
0.245737 -3.61083
0.245737 -3.55065
0.245737 -3.49047
0.245737 -3.4002
0.245737 -3.32999
0.245737 -3.25978
0.245737 -3.1996
0.245737 -3.14945
0.265797 -3.08927
0.275827 -3.02909
0.295888 -2.96891
0.336008 -2.8987
0.366098 -2.83852
0.406219 -2.7683
0.456369 -2.70812
0.49649 -2.668
0.53661 -2.61785
0.5667 -2.57773
0.58676 -2.50752
0.58676 -2.45737
0.60682 -2.32698
0.60682 -2.24674
0.60682 -2.15647
0.60682 -2.05617
0.60682 -1.9659
0.60682 -1.8656
0.60682 -1.79539
0.60682 -1.74524
0.58676 -1.69509
0.58676 -1.64493
0.58676 -1.59478
BezierPoints 37
-0.236225 -1.10234
-0.468801 -1.67339
-0.866421 -2.57037
-0.757272 -3.27984
-0.605201 -4.2683
0.15444 -5.04947
0.0752256 -6.15847
0.0452628 -6.57795
-0.328058 -6.83062
-0.52658 -7.16148
-0.683769 -7.42347
-0.682571 -7.71405
-0.727181 -8.00401
-0.737615 -8.07183
-0.790972 -8.64253
-0.737212 -8.65597
-0.633574 -8.68188
-0.575061 -8.24586
-0.55667 -8.18455
-0.484919 -7.94538
-0.370074 -7.42119
-0.203822 -7.25004
0.00956202 -7.03037
0.177166 -6.97696
0.328378 -6.80414
1.16401 -5.84913
0.144784 -4.657
0.0505462 -3.62038
0.00430632 -3.11173
0.269292 -2.7849
0.433312 -2.46464
0.573741 -2.19044
0.839814 -1.55258
0.856318 -1.15778
0.888631 -0.384812
0.192287 -0.0502023
-0.236225 -1.10234
P 0 2.3113 -7.70273
T 0 -0.965999 0.258546
N 0 -0.258546 -0.965999
B -1 0 0
SketchPoints 23
0.354565 0.290954
0.409985 0.249389
0.465405 0.221679
0.506969 0.180114
0.534678 0.124694
0.562388 0.0692747
0.562388 0.0138549
0.562388 -0.0415649
0.548534 -0.0969847
0.534678 -0.152404
0.506969 -0.207824
0.479259 -0.263244
0.423839 -0.290954
0.368419 -0.304809
0.313 -0.304809
0.25758 -0.290954
0.216014 -0.249389
0.160595 -0.207824
0.119031 -0.152404
0.0913211 -0.0969846
0.0913211 -0.0415648
0.0913211 0.013855
0.0774651 0.0692748
BezierPoints 7
0.132956 0.0306593
0.153846 -0.205319
-0.149669 -0.214666
-0.160907 0.0111503
-0.173073 0.255641
0.11547 0.228191
0.132956 0.0306593
P 0 2.47491 -7.159
T 0 -0.791553 0.611101
N 0 -0.611101 -0.791553
B -1 0 0
SketchPoints 0
BezierPoints 7
-0.16612 0.00243683
-0.186995 0.256596
0.115675 0.236259
0.133276 0.0291411
0.153701 -0.20905
-0.150134 -0.220248
-0.16612 0.00243683
P 0 2.23447 -2.70843
T 0 -0.9941 0.10847
N 0 -0.10847 -0.9941
B -1 0 0
SketchPoints 18
0.24841 -0.167236
0.213565 -0.209045
0.171757 -0.236917
0.116012 -0.236917
0.0672345 -0.216013
0.0254293 -0.181172
-0.0094154 -0.139363
-0.0233516 -0.0905859
-0.0303202 -0.0348407
-0.0303202 0.0209045
-0.00244702 0.0766498
0.0254293 0.125427
0.0602661 0.167236
0.102079 0.202077
0.157821 0.202077
0.213565 0.202077
0.269311 0.202077
0.290216 0.153299
BezierPoints 7
-0.207826 -0.067271
-0.29837 0.264243
0.117313 0.300806
0.135838 0.0169959
0.15254 -0.238899
-0.153848 -0.264907
-0.207826 -0.067271
P 0 2.24625 -3.30204
T 0 -0.985955 -0.167013
N 0 0.167013 -0.985955
B -1 0 0
SketchPoints 0
BezierPoints 7
-0.202613 -0.0585575
-0.284448 0.263287
0.117108 0.292738
0.135518 0.0185141
0.152685 -0.235168
-0.153383 -0.259325
-0.202613 -0.0585575
P 0 2.40295 -3.87316
T 0 -0.94193 -0.33581
N 0 0.33581 -0.94193
B -1 0 0
SketchPoints 0
BezierPoints 7
-0.1974 -0.0498441
-0.270526 0.262331
0.116904 0.284669
0.135197 0.0200322
0.15283 -0.231437
-0.152919 -0.253743
-0.1974 -0.0498441
P 0 2.63343 -4.42118
T 0 -0.923901 -0.382633
N 0 0.382633 -0.923901
B -1 0 0
SketchPoints 0
BezierPoints 7
-0.192187 -0.0411306
-0.256604 0.261376
0.116699 0.276601
0.134877 0.0215504
0.152975 -0.227706
-0.152455 -0.24816
-0.192187 -0.0411306
P 0 2.86827 -4.97178
T 0 -0.949635 -0.313357
N 0 0.313357 -0.949635
B -1 0 0
SketchPoints 0
BezierPoints 7
-0.186973 -0.0324171
-0.242683 0.26042
0.116494 0.268532
0.134557 0.0230685
0.15312 -0.223975
-0.151991 -0.242578
-0.186973 -0.0324171
P 0 3.03804 -5.55065
T 0 -0.992271 -0.12409
N 0 0.12409 -0.992271
B -1 0 0
SketchPoints 0
BezierPoints 7
-0.18176 -0.0237036
-0.228761 0.259464
0.116289 0.260464
0.134237 0.0245867
0.153265 -0.220243
-0.151527 -0.236996
-0.18176 -0.0237036
P 0 3.0758 -6.15016
T 0 -0.98909 0.147314
N 0 -0.147314 -0.98909
B -1 0 0
SketchPoints 0
BezierPoints 7
-0.176547 -0.0149901
-0.214839 0.258508
0.116084 0.252396
0.133917 0.0261048
0.153411 -0.216512
-0.151062 -0.231413
-0.176547 -0.0149901
P 0 2.83936 -6.69085
T 0 -0.727245 0.686378
N 0 -0.686378 -0.727245
B -1 0 0
SketchPoints 0
BezierPoints 7
-0.171333 -0.00627665
-0.200917 0.257552
0.115879 0.244327
0.133597 0.027623
0.153556 -0.212781
-0.150598 -0.225831
-0.171333 -0.00627665
P -0.208647 3.33005 0.55423
T -1 0 0
N 0 -1 0
B 0 0 -1
SketchPoints 108
-0.250752 0.381143
-0.270813 0.441324
-0.290873 0.501504
-0.310933 0.561685
-0.320963 0.611835
-0.330993 0.661986
-0.341023 0.712136
-0.341023 0.772317
-0.351053 0.832497
-0.361083 0.892678
-0.371113 0.952859
-0.371113 1.00301
-0.391174 1.06319
-0.391174 1.12337
-0.391174 1.17352
-0.391174 1.22367
-0.391174 1.31394
-0.391174 1.36409
-0.391174 1.41424
-0.401204 1.48445
-0.411234 1.54463
-0.411234 1.59478
-0.411234 1.64493
-0.411234 1.69509
-0.411234 1.74524
-0.421264 1.80542
-0.421264 1.91575
-0.421264 1.99599
-0.421264 2.04614
-0.421264 2.09629
-0.421264 2.14644
-0.421264 2.20662
-0.421264 2.2668
-0.421264 2.32698
-0.421264 2.37713
-0.421264 2.42728
-0.421264 2.47743
-0.431294 2.54764
-0.431294 2.61785
-0.421264 2.67803
-0.411234 2.73821
-0.411234 2.78836
-0.391174 2.84855
-0.391174 2.8987
-0.381144 2.94885
-0.361083 3.01906
-0.330993 3.07924
-0.310933 3.12939
-0.280843 3.17954
-0.250752 3.21966
-0.210632 3.25978
-0.180542 3.2999
-0.120361 3.32999
-0.0802407 3.38014
-0.0200602 3.41023
0.0300903 3.41023
0.0802407 3.41023
0.130391 3.4002
0.180542 3.4002
0.230692 3.38014
0.270812 3.34002
0.290873 3.28987
0.310933 3.23972
0.320963 3.18957
0.320963 3.13942
0.330993 3.06921
0.341023 3.01906
0.371113 2.97894
0.411234 2.93882
0.461384 2.88867
0.511535 2.85858
0.551655 2.82849
0.601805 2.77833
0.621866 2.72818
0.651956 2.67803
0.661986 2.62788
0.672016 2.57773
0.682046 2.51755
0.692076 2.4674
0.692076 2.37713
0.702106 2.27683
0.702106 2.20662
0.702106 2.15647
0.702106 2.08626
0.702106 2.02608
0.702106 1.95587
0.702106 1.88566
0.702106 1.79539
0.702106 1.71515
0.702106 1.65496
0.712136 1.60481
0.712136 1.54463
0.722166 1.48445
0.732197 1.42427
0.742227 1.36409
0.752257 1.30391
0.752257 1.24373
0.752257 1.17352
0.752257 1.12337
0.752257 1.06319
0.752257 1.01304
0.722166 0.952859
0.702106 0.882648
0.682046 0.822467
0.651956 0.742227
0.621866 0.702106
0.591775 0.661986
0.571715 0.611835
BezierPoints 16
-0.98086 -0.11511
-1.28529 0.28064
-1.21281 0.7486
-1.02545 1.04393
-0.88926 1.2586
-0.683685 1.54915
-0.148797 1.53421
0.297063 1.52176
0.610009 1.15225
0.713111 0.79132
0.870773 0.23939
0.589101 -0.303227
0.207901 -0.442019
-0.208495 -0.593625
-0.683667 -0.501456
-0.98086 -0.11511
P 0 3 0
T 0 0 -1
N 1 0 0
B 0 1 0
SketchPoints 232
-1.80542 -0.396188
-1.8656 -0.416249
-1.95587 -0.466399
-2.01605 -0.50652
-2.0662 -0.52658
-2.11635 -0.55667
-2.15647 -0.59679
-2.18656 -0.636911
-2.22668 -0.687061
-2.27683 -0.727181
-2.33701 -0.747242
-2.39719 -0.757272
-2.45737 -0.777332
-2.50752 -0.777332
-2.55767 -0.777332
-2.63791 -0.777332
-2.69809 -0.777332
-2.74824 -0.777332
-2.84855 -0.777332
-2.93882 -0.777332
-2.999 -0.777332
-3.05918 -0.777332
-3.15948 -0.767302
-3.20963 -0.757272
-3.27984 -0.757272
-3.34002 -0.737212
-3.4002 -0.727181
-3.45035 -0.717151
-3.5005 -0.697091
-3.55065 -0.667001
-3.59077 -0.636911
-3.65095 -0.60682
-3.69107 -0.5667
-3.76128 -0.52658
-3.81143 -0.486459
-3.86158 -0.476429
-3.92177 -0.456369
-3.98195 -0.446339
-4.04213 -0.426279
-4.09228 -0.406219
-4.14243 -0.386158
-4.19258 -0.376128
-4.24273 -0.356068
-4.29288 -0.336008
-4.34303 -0.325978
-4.38315 -0.295888
-4.44333 -0.265797
-4.52357 -0.225677
-4.57372 -0.205617
-4.65396 -0.175527
-4.7342 -0.155466
-4.82447 -0.125376
-4.88465 -0.105316
-4.97492 -0.0852559
-5.03511 -0.0752256
-5.15547 -0.0451355
-5.25577 -0.0150452
-5.34604 0.00501513
-5.40622 0.0150452
-5.45637 0.0250752
-5.51655 0.0451355
-5.58676 0.0451355
-5.68706 0.0651956
-5.73721 0.0752256
-5.78736 0.0752256
-5.85757 0.0752256
-5.94784 0.0752256
-5.99799 0.0752256
-6.09829 0.0752256
-6.15847 0.0752256
-6.23872 0.0651956
-6.31896 0.0351052
-6.37914 0.00501513
-6.44935 -0.0150452
-6.50953 -0.0451355
-6.57974 -0.0752256
-6.62989 -0.105316
-6.68004 -0.155466
-6.74022 -0.195587
-6.78034 -0.225677
-6.82046 -0.255767
-6.86058 -0.285858
-6.91073 -0.325978
-6.96088 -0.366098
-7.001 -0.416249
-7.06118 -0.456369
-7.12136 -0.49649
-7.16148 -0.52658
-7.22166 -0.55667
-7.27181 -0.57673
-7.34203 -0.60682
-7.41224 -0.626881
-7.51254 -0.667001
-7.57272 -0.677031
-7.62287 -0.677031
-7.68305 -0.697091
-7.7332 -0.697091
-7.80341 -0.697091
-7.85356 -0.707121
-7.9338 -0.717151
-8.00401 -0.727181
-8.06419 -0.737212
-8.12437 -0.737212
-8.17452 -0.747242
-8.22467 -0.747242
-8.27482 -0.747242
-8.3651 -0.747242
-8.41525 -0.747242
-8.4654 -0.747242
-8.53561 -0.747242
-8.60582 -0.747242
-8.65597 -0.737212
-8.61585 -0.707121
-8.5657 -0.677031
-8.50552 -0.636911
-8.43531 -0.59679
-8.38515 -0.59679
-8.335 -0.57673
-8.28485 -0.57673
-8.2347 -0.5667
-8.18455 -0.55667
-8.1344 -0.53661
-8.08425 -0.52658
-8.0341 -0.50652
-7.97392 -0.456369
-7.92377 -0.416249
-7.88365 -0.376128
-7.85356 -0.336008
-7.80341 -0.285858
-7.77332 -0.235707
-7.75326 -0.185557
-7.72317 -0.145436
-7.68305 -0.105316
-7.66299 -0.0551655
-7.64293 -0.00501513
-7.6329 0.0451355
-7.60281 0.105316
-7.57272 0.155466
-7.54263 0.195587
-7.52257 0.245737
-7.49248 0.285858
-7.45236 0.336008
-7.41224 0.386158
-7.37212 0.426279
-7.332 0.456369
-7.29188 0.486459
-7.24172 0.50652
-7.2016 0.53661
-7.14142 0.55667
-7.08124 0.57673
-7.03109 0.58676
-6.98094 0.60682
-6.93079 0.626881
-6.86058 0.646941
-6.79037 0.667001
-6.71013 0.677031
-6.63992 0.687061
-6.57974 0.697091
-6.51956 0.697091
-6.44935 0.697091
-6.3992 0.697091
-6.31896 0.697091
-6.25878 0.697091
-6.20863 0.697091
-6.13841 0.697091
-6.0682 0.697091
-6.01805 0.697091
-5.91775 0.697091
-5.83751 0.687061
-5.75727 0.677031
-5.68706 0.667001
-5.61685 0.656971
-5.52658 0.636911
-5.4664 0.636911
-5.39619 0.626881
-5.32598 0.626881
-5.2658 0.60682
-5.19559 0.59679
-5.10532 0.58676
-5.03511 0.58676
-4.98495 0.5667
-4.91474 0.5667
-4.8345 0.53661
-4.75426 0.51655
-4.68405 0.49649
-4.62387 0.486459
-4.56369 0.456369
-4.50351 0.436309
-4.40321 0.406219
-4.35306 0.396188
-4.29288 0.376128
-4.20261 0.346038
-4.1324 0.325978
-4.07222 0.315948
-4.01204 0.305918
-3.95186 0.285858
-3.88164 0.285858
-3.82146 0.275827
-3.77131 0.275827
-3.72116 0.255767
-3.66098 0.255767
-3.61083 0.245737
-3.55065 0.245737
-3.49047 0.245737
-3.4002 0.245737
-3.32999 0.245737
-3.25978 0.245737
-3.1996 0.245737
-3.14945 0.245737
-3.08927 0.265797
-3.02909 0.275827
-2.96891 0.295888
-2.8987 0.336008
-2.83852 0.366098
-2.7683 0.406219
-2.70812 0.456369
-2.668 0.49649
-2.61785 0.53661
-2.57773 0.5667
-2.50752 0.58676
-2.45737 0.58676
-2.32698 0.60682
-2.24674 0.60682
-2.15647 0.60682
-2.05617 0.60682
-1.9659 0.60682
-1.8656 0.60682
-1.79539 0.60682
-1.74524 0.60682
-1.69509 0.58676
-1.64493 0.58676
-1.59478 0.58676
BezierPoints 37
-1.10234 -0.236225
-1.67339 -0.468801
-2.57037 -0.866421
-3.27984 -0.757272
-4.2683 -0.605201
-5.04947 0.15444
-6.15847 0.0752256
-6.57795 0.0452628
-6.83062 -0.328058
-7.16148 -0.52658
-7.42347 -0.683769
-7.71405 -0.682571
-8.00401 -0.727181
-8.07183 -0.737615
-8.64253 -0.790972
-8.65597 -0.737212
-8.68188 -0.633574
-8.24586 -0.575061
-8.18455 -0.55667
-7.94538 -0.484919
-7.42119 -0.370074
-7.25004 -0.203822
-7.03037 0.00956202
-6.97696 0.177166
-6.80414 0.328378
-5.84913 1.16401
-4.657 0.144784
-3.62038 0.0505462
-3.11173 0.00430632
-2.7849 0.269292
-2.46464 0.433312
-2.19044 0.573741
-1.55258 0.839814
-1.15778 0.856318
-0.384812 0.888631
-0.0502023 0.192287
-1.10234 -0.236225
P 0 2.56675 -2.22124
T -1 0 0
N 0 0.207836 0.978164
B 0 -0.978164 0.207836
SketchPoints 17
0.206657 0.204417
0.214923 0.254023
0.214923 0.311887
0.181858 0.361485
0.157059 0.419356
0.107462 0.444139
0.057864 0.460687
0.00826627 0.468945
-0.0413314 0.485479
-0.0991954 0.485479
-0.165326 0.485479
-0.214923 0.460687
-0.247988 0.419356
-0.264521 0.369758
-0.264521 0.311887
-0.264521 0.254023
-0.264521 0.196166
BezierPoints 7
0.14423 0.18023
0.170742 0.446445
-0.177317 0.468356
-0.202039 0.186001
-0.224633 -0.0720546
0.11763 -0.0868637
0.14423 0.18023
P 0 2.71306 -1.68912
T -1 0 0
N 0 0.42779 0.903878
B 0 -0.903878 0.42779
SketchPoints 18
0.206657 0.156581
0.206657 0.214445
0.206657 0.272308
0.198391 0.321906
0.165326 0.363238
0.115728 0.40457
0.0661304 0.421101
0.0165327 0.437633
-0.0495975 0.437633
-0.107462 0.437633
-0.157059 0.421101
-0.181858 0.371504
-0.190124 0.321906
-0.214923 0.272308
-0.22319 0.22271
-0.231456 0.173113
-0.198391 0.131784
-0.181858 0.0821864
BezierPoints 7
0.179489 0.203909
0.187531 0.453706
-0.253323 0.459893
-0.181858 0.0821864
-0.163473 -0.0149831
0.171725 -0.0372366
0.179489 0.203909
P 0 2.56675 2.22124
T 0 -0.978164 -0.207836
N 0 0.207836 -0.978164
B -1 0 0
SketchPoints 17
0.204417 0.206657
0.254023 0.214923
0.311887 0.214923
0.361485 0.181858
0.419356 0.157059
0.444139 0.107462
0.460687 0.057864
0.468945 0.00826627
0.485479 -0.0413314
0.485479 -0.0991954
0.485479 -0.165326
0.460687 -0.214923
0.419356 -0.247988
0.369758 -0.264521
0.311887 -0.264521
0.254023 -0.264521
0.196166 -0.264521
BezierPoints 7
0.18023 0.14423
0.446445 0.170742
0.468356 -0.177317
0.186 -0.202039
-0.0720547 -0.224633
-0.0868637 0.11763
0.18023 0.14423
P 0 2.71306 1.68912
T 0 -0.903878 -0.42779
N 0 0.42779 -0.903878
B -1 0 0
SketchPoints 18
0.156581 0.206657
0.214445 0.206657
0.272308 0.206657
0.321906 0.198391
0.363238 0.165326
0.40457 0.115728
0.421101 0.0661304
0.437633 0.0165327
0.437633 -0.0495975
0.437633 -0.107462
0.421101 -0.157059
0.371504 -0.181858
0.321906 -0.190124
0.272308 -0.214923
0.22271 -0.22319
0.173113 -0.231456
0.131784 -0.198391
0.0821864 -0.181858
BezierPoints 7
0.203909 0.179489
0.453706 0.187531
0.459893 -0.253323
0.0821864 -0.181858
-0.0149831 -0.163473
-0.0372366 0.171725
0.203909 0.179489
P 0.346038 3.33601 0.0100301
T 0 1 0
N -0.0161269 0 -0.99987
B 0.99987 0 -0.0161269
SketchPoints 298
0.260783 0.140501
0.300903 0.170591
0.341023 0.200682
0.411233 0.250832
0.451353 0.290952
0.491474 0.331073
0.511535 0.381223
0.531594 0.441404
0.551655 0.501584
0.561685 0.551734
0.571714 0.601885
0.581744 0.662065
0.591776 0.732276
0.591776 0.792457
0.601806 0.852637
0.601806 0.912818
0.601806 0.972998
0.591776 1.02315
0.561685 1.08333
0.531594 1.16357
0.501504 1.20369
0.471415 1.24381
0.411233 1.30399
0.381144 1.34411
0.330992 1.39426
0.300903 1.43438
0.250751 1.4745
0.210631 1.51462
0.160482 1.55474
0.120361 1.59486
0.080241 1.63498
0.0401206 1.6751
0.0100293 1.71522
-0.0200598 1.75535
-0.0501502 1.79547
-0.0902705 1.83559
-0.130391 1.87571
-0.160482 1.91583
-0.200603 1.96598
-0.250752 2.0061
-0.280843 2.04622
-0.320964 2.11643
-0.351054 2.15655
-0.381143 2.19667
-0.411233 2.23679
-0.441325 2.29697
-0.481445 2.36718
-0.511534 2.42736
-0.531595 2.49757
-0.551655 2.56778
-0.581745 2.62796
-0.601806 2.68814
-0.611835 2.73829
-0.631895 2.78844
-0.641927 2.85866
-0.661986 2.94893
-0.672016 3.05926
-0.682047 3.12947
-0.682047 3.21974
-0.682047 3.26989
-0.682047 3.3401
-0.672016 3.39025
-0.661986 3.47049
-0.641927 3.52064
-0.601806 3.60088
-0.591775 3.65103
-0.541625 3.7413
-0.521565 3.79145
-0.491474 3.8416
-0.461384 3.89175
-0.431293 3.94191
-0.391173 3.98202
-0.351054 4.02215
-0.310934 4.0723
-0.260782 4.12245
-0.220662 4.16257
-0.180541 4.19266
-0.130391 4.23278
-0.0902705 4.26287
-0.0501502 4.30299
2.38419e-07 4.33308
0.0401206 4.36317
0.080241 4.39326
0.120361 4.42335
0.160482 4.45344
0.210631 4.50359
0.250751 4.54371
0.300903 4.59386
0.341023 4.65404
0.391174 4.70419
0.451353 4.76437
0.501504 4.79446
0.561685 4.84461
0.621865 4.90479
0.661985 4.93488
0.712137 4.98503
0.742227 5.02516
0.782347 5.08533
0.812438 5.14551
0.842528 5.18564
0.882646 5.23579
0.912738 5.27591
0.932799 5.32606
0.962887 5.36618
0.992979 5.42636
1.01304 5.47651
1.04313 5.52666
1.07322 5.56678
1.09328 5.61693
1.11334 5.66708
1.14343 5.72726
1.16349 5.77741
1.19358 5.84762
1.20361 5.9078
1.21364 5.95795
1.25376 6.05825
1.25376 6.1084
1.25376 6.16859
1.28385 6.26889
1.29388 6.32907
1.30391 6.4394
1.30391 6.48955
1.30391 6.55976
1.30391 6.61994
1.30391 6.69015
1.30391 6.7403
1.28385 6.80048
1.26379 6.86066
1.25376 6.91081
1.24373 6.96096
1.24373 7.05123
1.24373 7.10138
1.24373 7.15153
1.27382 7.20168
1.30391 7.26187
1.34403 7.30198
1.40421 7.33208
1.47442 7.35214
1.52457 7.33208
1.57472 7.30198
1.62488 7.28193
1.68505 7.26187
1.74524 7.25183
1.79539 7.23177
1.84554 7.23177
1.90572 7.2418
1.93581 7.28193
1.97593 7.31202
2.00602 7.35214
2.03611 7.39225
2.08626 7.41232
2.03611 7.41232
1.98596 7.41232
1.93581 7.41232
1.88566 7.41232
1.83551 7.41232
1.78536 7.42235
1.7352 7.43238
1.68505 7.45244
1.62488 7.4725
1.57472 7.48253
1.52457 7.49256
1.46439 7.49256
1.41424 7.49256
1.36409 7.49256
1.30391 7.48253
1.25376 7.44241
1.20361 7.41232
1.15346 7.39225
1.11334 7.36217
1.05316 7.33208
1.00301 7.28192
0.972919 7.2418
0.952859 7.19165
0.942829 7.1415
0.922769 7.09135
0.912738 7.0412
0.912738 6.88072
0.912738 6.70018
0.912738 6.61994
0.912738 6.56979
0.922769 6.48955
0.932799 6.4394
0.952859 6.38925
0.972919 6.3391
0.982949 6.28895
0.982949 6.21873
0.982949 6.16859
0.982949 6.11844
0.942829 6.02816
0.902709 5.93789
0.872618 5.87771
0.832496 5.81753
0.802405 5.77741
0.762287 5.73729
0.722165 5.7072
0.682046 5.66708
0.641926 5.63699
0.601806 5.59687
0.541624 5.55675
0.501504 5.52666
0.451353 5.5066
0.371113 5.45645
0.320963 5.43639
0.270813 5.41633
0.200602 5.37621
0.140422 5.35615
0.100301 5.32606
0.0401206 5.28594
-0.0200598 5.25585
-0.100301 5.2057
-0.160482 5.16558
-0.210632 5.13549
-0.260782 5.1054
-0.310934 5.0753
-0.361084 5.05524
-0.411233 5.03519
-0.491474 4.99506
-0.551655 4.96497
-0.651956 4.92485
-0.712136 4.88473
-0.762288 4.86467
-0.812437 4.82455
-0.862587 4.78443
-0.912738 4.73428
-0.952858 4.70419
-1.01304 4.63398
-1.05316 4.56377
-1.09328 4.50359
-1.11334 4.45344
-1.14343 4.41332
-1.17352 4.34311
-1.21364 4.25284
-1.25376 4.1726
-1.29388 4.08233
-1.31394 4.03218
-1.334 3.98203
-1.36409 3.92184
-1.37412 3.85163
-1.39418 3.79145
-1.41424 3.7413
-1.42427 3.69115
-1.44433 3.63097
-1.48445 3.53067
-1.50451 3.4404
-1.55466 3.32004
-1.57472 3.24983
-1.59478 3.18965
-1.61484 3.1395
-1.6349 3.04923
-1.64494 2.98905
-1.69508 2.83859
-1.71515 2.77841
-1.72518 2.71823
-1.74524 2.62796
-1.75527 2.57781
-1.7653 2.5076
-1.77533 2.45745
-1.78536 2.37721
-1.79539 2.32706
-1.80542 2.26688
-1.82548 2.15655
-1.82548 2.09637
-1.83551 2.04622
-1.83551 1.97601
-1.83551 1.91583
-1.83551 1.85565
-1.83551 1.75535
-1.81545 1.65504
-1.79539 1.59486
-1.77533 1.53468
-1.74524 1.41432
-1.73521 1.36417
-1.70512 1.30399
-1.67502 1.23378
-1.6349 1.16357
-1.58475 1.12345
-1.54463 1.06327
-1.51454 1.00309
-1.46439 0.952938
-1.42427 0.902787
-1.35406 0.832577
-1.29388 0.782427
-1.25376 0.752336
-1.21364 0.722246
-1.15346 0.682126
-1.11334 0.652035
-1.06319 0.611914
-1.00301 0.571795
-0.942828 0.531674
-0.902708 0.501584
-0.842528 0.451434
-0.772317 0.391253
-0.702106 0.341103
-0.641927 0.300982
-0.591775 0.270892
-0.541625 0.230772
-0.501504 0.200681
BezierPoints 37
0.208528 0.0301459
0.460768 0.22652
0.471947 0.675876
0.40122 1.05327
0.220738 2.0163
-0.315646 2.30886
-0.479758 3.05938
-0.688767 4.01525
-0.118106 4.20371
0.427528 4.96638
0.673992 5.31088
0.981752 5.86079
1.46305 5.87465
1.62597 5.87934
1.92295 5.72842
1.7076 5.317
1.63247 5.17348
1.43586 5.04669
1.27696 4.88826
1.13601 4.74773
2.05468 4.93172
2.07004 5.61925
2.08391 6.23951
1.14082 6.48022
0.583592 5.8924
-0.0878484 5.18411
-0.583808 4.83995
-0.933951 4.26759
-1.47214 3.38785
-1.15284 2.33716
-0.73156 1.49461
-0.505627 1.04275
-0.725634 0.581976
-0.457638 0.170574
-0.353082 0.0100689
0.0134206 -0.12175
0.208528 0.0301459
P 1.27415 2.7222 -0.00493952
T 0.0161269 0 0.99987
N 0.92387 -0.382416 -0.0149011
B -0.382366 -0.92399 0.00616716
SketchPoints 21
0.212202 0.183928
0.236688 0.23287
0.261172 0.281869
0.269333 0.347161
0.277494 0.404291
0.244849 0.445083
0.212202 0.485906
0.179556 0.526686
0.130586 0.551199
0.0816162 0.56751
0.0244854 0.56751
-0.0326464 0.567523
-0.0897777 0.559362
-0.138748 0.53486
-0.187717 0.502217
-0.195878 0.445069
-0.220364 0.387952
-0.212201 0.330823
-0.20404 0.273706
-0.171394 0.232882
-0.130585 0.192077
BezierPoints 7
-0.179566 -0.00629571
-0.167885 0.217197
0.219169 0.273354
0.229133 -0.00397623
0.237191 -0.228296
-0.195232 -0.306052
-0.179566 -0.00629571
P 6.33705 4.39709 -0.0865994
T 0.0161269 0 0.99987
N 0.465064 0.885245 -0.00750104
B 0.88513 -0.465125 -0.0142762
SketchPoints 15
-0.238887 0.317911
-0.229331 0.375244
-0.191109 0.413481
-0.133777 0.442129
-0.0668889 0.461256
0.00955464 0.470799
0.0668872 0.48037
0.12422 0.470813
0.171997 0.451704
0.200664 0.403911
0.200664 0.346579
0.219775 0.298801
0.219775 0.241469
0.191109 0.193691
0.171998 0.145912
BezierPoints 7
-0.198276 0.146713
-0.194601 0.395833
0.201266 0.42553
0.171998 0.145912
0.152004 -0.045107
-0.201396 -0.0648386
-0.198276 0.146713
P 3.8573 2.35688 -0.0465991
T 0.0161269 0 0.99987
N 0.992658 0.119891 -0.0160106
B 0.119875 -0.992787 -0.00193348
SketchPoints 20
0.152253 0.446419
0.192853 0.415973
0.243604 0.385519
0.274055 0.344922
0.284205 0.294167
0.284205 0.243415
0.284205 0.192669
0.253754 0.14191
0.213154 0.111467
0.162403 0.101309
0.111652 0.0810173
0.0609015 0.0810175
0.0101499 0.101309
-0.0507506 0.121614
-0.101502 0.121609
-0.152253 0.141914
-0.192853 0.172369
-0.243605 0.233266
-0.243604 0.284021
-0.233454 0.334763
BezierPoints 7
-0.166836 0.239304
-0.150996 0.515497
0.160303 0.512459
0.219294 0.252048
0.281991 -0.024724
-0.181888 -0.0231657
-0.166836 0.239304
P 2.0399 2.50869 -0.0172902
T 0.0161269 0 0.99987
N 0.966183 -0.257386 -0.0155836
B -0.257353 -0.966309 0.00415085
SketchPoints 17
0.253755 0.190243
0.274055 0.240985
0.274055 0.301886
0.243604 0.352654
0.192853 0.383096
0.142102 0.393247
0.0812021 0.413546
0.0203004 0.423688
-0.0304511 0.423698
-0.0812019 0.423697
-0.142103 0.393237
-0.182704 0.352654
-0.213154 0.301886
-0.213154 0.251144
-0.213154 0.200392
-0.213153 0.149642
-0.213155 0.0989004
BezierPoints 7
0.162919 0.00841628
0.137474 0.259092
-0.207765 0.322776
-0.21315 -0.0625012
-0.216903 -0.331
0.184049 -0.199756
0.162919 0.00841628
P 1.66897 2.67059 -0.0113075
T 0.0161269 0 0.99987
N 0.932764 -0.360173 -0.0150446
B -0.360126 -0.932886 0.00580848
SketchPoints 0
BezierPoints 7
-0.196358 -0.0343985
-0.187825 0.269987
0.178322 0.266223
0.196026 0.00222003
0.21062 -0.214026
-0.206068 -0.318526
-0.196358 -0.0343985
P 2.97012 2.46328 -0.0322896
T 0.0161269 0 0.99987
N 0.99987 -2.80097e-05 -0.0161269
B -2.80058e-05 -1 4.65823e-07
SketchPoints 25
-0.0101504 0.548114
0.0406004 0.558263
0.0913513 0.558263
0.152252 0.548114
0.203004 0.537964
0.253754 0.517663
0.304505 0.487213
0.345105 0.456762
0.355257 0.40601
0.365406 0.35526
0.365406 0.294359
0.345105 0.243608
0.304505 0.203007
0.253754 0.192857
0.192853 0.182707
0.142102 0.182707
0.0812011 0.172556
0.0304497 0.162405
-0.040601 0.152255
-0.131953 0.131956
-0.192854 0.131956
-0.243605 0.172556
-0.253755 0.223308
-0.263904 0.294359
-0.263905 0.35526
BezierPoints 7
0.218378 0.276662
0.276229 -0.0219342
-0.258238 -0.0743275
-0.214962 0.295858
-0.196702 0.452064
0.168084 0.536257
0.218378 0.276662
P 2.55778 2.4957 -0.0256426
T 0.0161269 0 0.99987
N 0.989707 -0.142213 -0.015963
B -0.142194 -0.989836 0.00229399
SketchPoints 20
-0.223304 0.377819
-0.192854 0.428571
-0.142103 0.448871
-0.101502 0.479318
-0.0507509 0.489472
0.0203003 0.499618
0.0710512 0.499618
0.131953 0.489472
0.182703 0.448867
0.223303 0.408271
0.253754 0.347365
0.253755 0.296614
0.253754 0.245859
0.253754 0.195118
0.192853 0.184966
0.142102 0.174812
0.091351 0.174817
0.0202997 0.174817
-0.0609006 0.174812
-0.111652 0.174817
BezierPoints 7
-0.173396 0.325996
0.0929793 0.526917
0.462811 -0.0650547
-0.0836485 -0.00218613
-0.141189 0.00443376
-0.301808 0.229137
-0.173396 0.325996
P 3.47216 2.31202 -0.0403857
T 0.0161269 0 0.99987
N 0.993798 -0.110043 -0.016029
B -0.110029 -0.993927 0.00177425
SketchPoints 21
-0.243605 0.327842
-0.243604 0.378593
-0.243605 0.429344
-0.203003 0.459799
-0.162403 0.490249
-0.111652 0.51055
-0.0507505 0.51055
0.0507507 0.51055
0.111652 0.51055
0.162403 0.49025
0.203003 0.44965
0.233454 0.388748
0.243604 0.338001
0.243605 0.287246
0.233454 0.236495
0.192853 0.206044
0.152253 0.175589
0.101502 0.145144
0.0507513 0.145144
-7.83394e-08 0.124838
-0.050751 0.114693
BezierPoints 7
-0.201317 0.292366
0.100119 0.598306
0.452745 -0.0297997
-0.102477 -0.0453388
-0.174311 -0.0473493
-0.251752 0.241177
-0.201317 0.292366
P 5.23517 3.20825 -0.0688279
T 0.0161269 0 0.99987
N 0.599251 0.800503 -0.00966534
B 0.800398 -0.599329 -0.0129096
SketchPoints 23
0.233454 0.364268
0.243604 0.41505
0.243604 0.465791
0.213153 0.516528
0.162402 0.546992
0.111652 0.567283
0.0507507 0.577455
-0.0101506 0.577443
-0.0609015 0.567282
-0.121803 0.546991
-0.172553 0.506382
-0.223304 0.475931
-0.253755 0.42519
-0.253755 0.37445
-0.253755 0.323699
-0.253755 0.272914
-0.223304 0.222201
-0.192854 0.181582
-0.142102 0.181596
-0.0913514 0.181584
-0.0406003 0.151145
0.0101504 0.130812
0.0609014 0.130826
BezierPoints 7
0.172685 0.231665
0.138419 0.519117
-0.17043 0.444884
-0.155814 0.231408
-0.139222 -0.010937
0.207792 -0.0628305
0.172685 0.231665
P 4.35613 2.4667 -0.0546418
T 0.0161269 0 0.99987
N 0.954293 0.298477 -0.0153918
B 0.298438 -0.954417 -0.0048135
SketchPoints 16
-0.15202 0.40838
-0.0912115 0.438775
-0.0405386 0.448912
0.0101352 0.46918
0.060808 0.459042
0.121617 0.42865
0.141885 0.377975
0.141886 0.327294
0.141886 0.276622
0.141885 0.225949
0.111481 0.185409
0.0608087 0.144863
0.0101342 0.114457
-0.040538 0.114467
-0.0912119 0.114467
-0.152019 0.114468
BezierPoints 7
0.0129809 0.385648
0.287299 0.3692
0.266915 -0.183322
-0.16851 0.0418363
-0.231526 0.0744219
-0.259946 0.402012
0.0129809 0.385648
P 4.84653 2.7845 -0.0625521
T 0.0161269 0 0.99987
N 0.738405 0.674252 -0.0119098
B 0.674164 -0.738501 -0.0108737
SketchPoints 18
0.263501 0.179289
0.283771 0.250233
0.283771 0.300929
0.263502 0.351603
0.212829 0.392141
0.17229 0.422546
0.101347 0.442814
0.0405389 0.442791
-0.0101344 0.442791
-0.0608083 0.442792
-0.111481 0.422545
-0.152019 0.392143
-0.182424 0.341469
-0.202693 0.290772
-0.222962 0.240123
-0.222963 0.189449
-0.182424 0.148886
-0.131751 0.128616
BezierPoints 7
0.211131 0.144091
0.250662 0.36497
-0.233959 0.481428
-0.208039 0.0878452
-0.201493 -0.0115612
0.172482 -0.0718634
0.211131 0.144091
P 5.572 3.51504 -0.0742614
T 0.0161269 0 0.99987
N 0.583039 0.81239 -0.00940386
B 0.812284 -0.583115 -0.0131024
SketchPoints 18
0.017782 0.428201
0.0711289 0.437107
0.160039 0.419312
0.204495 0.38376
0.24006 0.348176
0.257842 0.294849
0.231169 0.241504
0.204495 0.197035
0.168931 0.161469
0.124476 0.134809
0.0711289 0.125907
0.00889117 0.108124
-0.0444548 0.0992586
-0.106693 0.0992306
-0.160039 0.125921
-0.195604 0.197034
-0.195604 0.25039
-0.195605 0.303742
BezierPoints 7
0.017782 0.428201
0.493228 0.267329
-0.195598 -0.309669
-0.195605 0.303742
-0.195605 0.3655
-0.0407175 0.447995
0.017782 0.428201
P 6.04001 3.97966 -0.0818069
T 0.0161269 0 0.99987
N 0.648984 0.76073 -0.0104675
B 0.760631 -0.649068 -0.0122704
SketchPoints 13
-0.195604 0.338405
-0.16004 0.382874
-0.124476 0.4184
-0.0622385 0.445099
-0.0177831 0.471749
0.0355641 0.47175
0.0889107 0.44511
0.133367 0.409537
0.151149 0.356189
0.16004 0.293975
0.168931 0.240579
0.142258 0.196136
0.106693 0.160594
BezierPoints 7
-0.219132 0.239209
-0.113584 0.540471
0.355904 0.257066
0.153713 0.0550061
0.0916947 -0.00697196
-0.324986 -0.0629255
-0.219132 0.239209
P 6.40414 4.90125 -0.0876765
T 0.0161269 0 0.99987
N -0.160879 0.986971 0.00259482
B 0.986842 0.1609 -0.0159168
SketchPoints 21
-0.222278 0.189184
-0.231169 0.242528
-0.222279 0.295877
-0.177823 0.340333
-0.124477 0.358116
-0.0711306 0.375894
-0.00889299 0.402577
0.0533448 0.402578
0.106691 0.411464
0.160038 0.411462
0.213385 0.384797
0.257841 0.349227
0.266732 0.28699
0.266732 0.233648
0.266733 0.180302
0.24006 0.126955
0.213387 0.0736065
0.168932 0.0469272
0.106694 0.0380392
0.0533476 0.0291442
9.88872e-07 0.0291457
BezierPoints 7
-0.0889118 0.251426
0.240058 0.367013
0.293408 -0.0864326
1.89702e-06 -0.0953315
-0.209174 -0.101676
-0.194017 0.214496
-0.0889118 0.251426
P 6.07166 5.22219 -0.082318
T 0.0161269 0 0.99987
N -0.975899 0.217655 0.0157403
B 0.217626 0.976026 -0.00351058
SketchPoints 17
-0.248951 0.0680108
-0.284515 0.103583
-0.284515 0.165813
-0.293407 0.219169
-0.266733 0.272506
-0.222278 0.30807
-0.186714 0.343635
-0.124476 0.361426
-0.0711292 0.3792
-0.00889156 0.379199
0.0444556 0.370316
0.106693 0.343635
0.142257 0.299179
0.186713 0.263615
0.195604 0.210269
0.195604 0.156931
0.195604 0.103583
BezierPoints 7
-0.168931 0.121366
-0.136057 0.329571
0.160806 0.374943
0.173568 0.135162
0.184394 -0.0682405
-0.195605 -0.0475644
-0.168931 0.121366
P 5.70671 5.13834 -0.0764341
T 0.0161269 0 0.99987
N -0.84239 -0.538697 0.0135869
B -0.538627 0.842499 0.00868758
SketchPoints 19
0.0800195 0.403311
0.0355645 0.429984
-0.0177827 0.429985
-0.0711282 0.412185
-0.133366 0.38551
-0.16004 0.341056
-0.186713 0.287708
-0.186713 0.22549
-0.186713 0.172123
-0.160039 0.109872
-0.124475 0.0743228
-0.0889106 0.0387573
-0.0266729 0.0387761
0.0355647 0.0387579
0.0889109 0.0565602
0.142257 0.0654495
0.204496 0.118777
0.222278 0.172142
0.222278 0.225471
BezierPoints 7
-0.16809 0.157392
-0.196448 -0.106501
0.171779 -0.0623189
0.178071 0.15011
0.184012 0.350676
-0.145951 0.363408
-0.16809 0.157392
P -0.346038 3.33601 0.0100301
T -0.99987 0 -0.0161269
N 0.0161269 0 -0.99987
B 0 1 0
SketchPoints 298
0.140501 0.260783
0.170591 0.300903
0.200682 0.341023
0.250832 0.411233
0.290952 0.451353
0.331073 0.491474
0.381223 0.511535
0.441404 0.531594
0.501584 0.551655
0.551734 0.561685
0.601885 0.571714
0.662065 0.581744
0.732276 0.591776
0.792457 0.591776
0.852637 0.601806
0.912818 0.601806
0.972998 0.601806
1.02315 0.591776
1.08333 0.561685
1.16357 0.531594
1.20369 0.501504
1.24381 0.471415
1.30399 0.411233
1.34411 0.381144
1.39426 0.330992
1.43438 0.300903
1.4745 0.250751
1.51462 0.210631
1.55474 0.160482
1.59486 0.120361
1.63498 0.080241
1.6751 0.0401206
1.71522 0.0100293
1.75535 -0.0200598
1.79547 -0.0501502
1.83559 -0.0902705
1.87571 -0.130391
1.91583 -0.160482
1.96598 -0.200603
2.0061 -0.250752
2.04622 -0.280843
2.11643 -0.320964
2.15655 -0.351054
2.19667 -0.381143
2.23679 -0.411233
2.29697 -0.441325
2.36718 -0.481445
2.42736 -0.511534
2.49757 -0.531595
2.56778 -0.551655
2.62796 -0.581745
2.68814 -0.601806
2.73829 -0.611835
2.78844 -0.631895
2.85866 -0.641927
2.94893 -0.661986
3.05926 -0.672016
3.12947 -0.682047
3.21974 -0.682047
3.26989 -0.682047
3.3401 -0.682047
3.39025 -0.672016
3.47049 -0.661986
3.52064 -0.641927
3.60088 -0.601806
3.65103 -0.591775
3.7413 -0.541625
3.79145 -0.521565
3.8416 -0.491474
3.89175 -0.461384
3.94191 -0.431293
3.98202 -0.391173
4.02215 -0.351054
4.0723 -0.310934
4.12245 -0.260782
4.16257 -0.220662
