HeaderParameters 1
PlaneSketch 31
P 0 3 0
T 0 0 1
N 0 1 0
B 1 0 0
SketchPoints 40
0.4625 2.1625
0.4125 2.175
0.3125 2.2
-0.075 2.2375
-0.275 2.2375
-0.9125 2.2375
-1.3375 2.1875
-1.7625 2.1
-2.1125 1.95
-2.4125 1.725
-2.6625 1.45
-2.8375 1.125
-2.9875 0.8
-3.075 0.475
-3.075 0.15
-3.0125 -0.175
-2.9375 -0.5
-2.75 -0.9875
-2.55 -1.3125
-2.3 -1.6375
-2 -1.8875
-1.675 -2.1125
-1.35 -2.2875
-1 -2.4125
-0.625 -2.4625
-0.2 -2.4625
0.275 -2.4125
0.7 -2.325
1.125 -2.175
1.6875 -1.8875
1.9625 -1.6125
2.1875 -1.2875
2.3125 -0.9375
2.3625 -0.6125
2.3625 -0.2875
2.3625 0.0125
2.3375 0.2875
2.2875 0.5125
2.225 0.7125
2.2 0.775
BezierPoints 49
2.22351 -0.114631
2.22703 0.22265
2.16116 0.554171
2.02856 0.865409
1.90275 1.17837
1.71502 1.45944
1.47342 1.69625
1.23742 1.93723
0.956415 2.12507
0.642579 2.2514
0.332322 2.38373
0.000826806 2.44973
-0.337461 2.44634
-0.674742 2.44987
-1.00626 2.38399
-1.3175 2.2514
-1.63046 2.12559
-1.91153 1.93786
-2.14834 1.69625
-2.38933 1.46025
-2.57717 1.17925
-2.70349 0.865416
-2.83582 0.555158
-2.90183 0.223663
-2.89844 -0.114624
-2.90196 -0.451905
-2.83609 -0.783427
-2.7035 -1.09467
-2.57768 -1.40762
-2.38995 -1.6887
-2.14835 -1.92551
-1.91235 -2.16649
-1.63135 -2.35433
-1.31751 -2.48066
-1.00726 -2.61299
-0.675761 -2.67899
-0.337474 -2.6756
-0.000193149 -2.67913
0.331328 -2.61325
0.642567 -2.48066
0.955524 -2.35485
1.2366 -2.16712
1.47341 -1.92552
1.7144 -1.68952
1.90224 -1.40852
2.02856 -1.09468
2.16089 -0.784426
2.2269 -0.452931
2.22351 -0.114631
P -2.62349 3 -0.865023
T 0 1 0
N -0.222699 0 0.974887
B -0.974887 0 -0.222699
SketchPoints 122
0.492003 0.130382
0.492003 0.219847
0.514367 0.286938
0.536732 0.35402
0.559095 0.443478
0.581459 0.532937
0.581459 0.622395
0.581459 0.711841
0.581459 0.778932
0.581459 0.868399
0.536732 0.93549
0.514367 1.04731
0.492003 1.13675
0.447276 1.20384
0.424912 1.27094
0.402548 1.33803
0.357822 1.38276
0.313093 1.42749
0.29073 1.47222
0.201274 1.51694
0.156546 1.53931
0.067091 1.58404
-0.0223641 1.62876
-0.156547 1.67349
-0.29073 1.69586
-0.424912 1.71822
-0.58146 1.71822
-0.715642 1.71822
-0.849824 1.71822
-0.984008 1.71822
-1.11819 1.71822
-1.23001 1.69585
-1.34183 1.67349
-1.45365 1.65113
-1.56547 1.62876
-1.74438 1.56168
-1.8562 1.51694
-1.94565 1.47221
-2.03511 1.40512
-2.12456 1.33804
-2.23638 1.2933
-2.32584 1.22622
-2.46002 1.15912
-2.57184 1.06967
-2.70602 0.980216
-2.81784 0.913125
-2.9073 0.82366
-3.08621 0.711849
-3.17566 0.644751
-3.24275 0.555305
-3.33221 0.488206
-3.3993 0.421115
-3.46639 0.331664
-3.53348 0.24221
-3.60057 0.152753
-3.69003 0.0409353
-3.77948 -0.0708761
-3.82421 -0.182701
-3.8913 -0.294519
-3.93603 -0.383979
-3.98076 -0.451077
-4.02549 -0.540524
-4.04785 -0.607609
-4.09258 -0.674709
-4.1373 -0.764171
-4.18203 -0.831256
-4.2044 -0.898347
-4.2044 -0.965429
-4.24912 -1.01017
-4.29385 -1.07725
-4.29385 -1.14434
-4.22676 -1.14434
-4.18203 -1.09963
-4.15967 -1.05489
-4.11494 -1.01017
-4.02549 -0.898347
-3.98076 -0.85361
-3.91367 -0.808899
-3.84658 -0.764171
-3.73476 -0.69708
-3.66766 -0.652352
-3.57821 -0.607609
-3.46639 -0.562896
-3.37694 -0.518161
-3.30984 -0.473438
-3.19803 -0.451077
-3.1533 -0.406338
-3.06384 -0.361619
-2.99675 -0.316886
-2.92966 -0.294519
-2.84021 -0.2498
-2.77311 -0.205074
-2.70602 -0.160341
-2.61657 -0.137976
-2.57184 -0.0932555
-2.50475 -0.0708817
-2.43765 -0.0485184
-2.39293 -0.0261645
-2.30347 0.0185634
-2.19166 0.0856544
-2.12456 0.130386
-2.03511 0.15276
-1.94565 0.175119
-1.90092 0.197473
-1.81147 0.21984
-1.76674 0.242205
-1.69965 0.264572
-1.63256 0.286938
-1.56547 0.286938
-1.49838 0.309292
-1.43128 0.331662
-1.31946 0.354024
-1.25237 0.354024
-1.16292 0.376391
-1.0511 0.398757
-0.984008 0.398757
-0.916916 0.398757
-0.805098 0.398757
-0.715642 0.398757
-0.648551 0.398757
-0.58146 0.398757
-0.536732 0.376391
BezierPoints 16
-0.492003 -0.655887
-0.492003 -0.204951
-0.664964 0.114393
-0.402548 0.551759
-0.194975 0.897721
0.363228 0.945624
0.715642 0.931951
2.56595 0.860166
4.27667 -1.07029
4.29385 -1.93061
2.5738 0.0126531
1.36793 0.00577259
0.536732 -0.409879
0.30022 -0.52815
-0.492003 -0.920323
-0.492003 -0.655887
P -2.62155 3 0.199144
T 0 1 0
N 0.193826 0 0.981036
B -0.981036 0 0.193826
SketchPoints 0
BezierPoints 16
-0.492003 -0.655887
-0.492003 -0.204951
-0.664964 0.114393
-0.402548 0.551759
-0.194975 0.897721
0.363228 0.945624
0.715642 0.931951
2.56595 0.860166
4.27667 -1.07029
4.29385 -1.93061
2.5738 0.0126531
1.36793 0.00577259
0.536732 -0.409879
0.30022 -0.52815
-0.492003 -0.920323
-0.492003 -0.655887
P -2.18462 3 1.17486
T 0 1 0
N 0.578398 0 0.815755
B -0.815755 0 0.578398
SketchPoints 0
BezierPoints 16
-0.492003 -0.655887
-0.492003 -0.204951
-0.664964 0.114393
-0.402548 0.551759
-0.194975 0.897721
0.363228 0.945624
0.715642 0.931951
2.56595 0.860166
4.27667 -1.07029
4.29385 -1.93061
2.5738 0.0126531
1.36793 0.00577259
0.536732 -0.409879
0.30022 -0.52815
-0.492003 -0.920323
-0.492003 -0.655887
P -1.38767 3 1.88743
T 0 1 0
N 0.861615 0 0.507562
B -0.507562 0 0.861615
SketchPoints 0
BezierPoints 16
-0.492003 -0.655887
-0.492003 -0.204951
-0.664964 0.114393
-0.402548 0.551759
-0.194975 0.897721
0.363228 0.945624
0.715642 0.931951
2.56595 0.860166
4.27667 -1.07029
4.29385 -1.93061
2.5738 0.0126531
1.36793 0.00577259
0.536732 -0.409879
0.30022 -0.52815
-0.492003 -0.920323
-0.492003 -0.655887
P -0.369359 3 2.21285
T 0 1 0
N 0.993878 0 0.110481
B -0.110481 0 0.993878
SketchPoints 0
BezierPoints 16
-0.492003 -0.655887
-0.492003 -0.204951
-0.664964 0.114393
-0.402548 0.551759
-0.194975 0.897721
0.363228 0.945624
0.715642 0.931951
2.56595 0.860166
4.27667 -1.07029
4.29385 -1.93061
2.5738 0.0126531
1.36793 0.00577259
0.536732 -0.409879
0.30022 -0.52815
-0.492003 -0.920323
-0.492003 -0.655887
P 0.693068 3 2.09448
T 0 1 0
N 0.95206 0 -0.305912
B 0.305912 0 0.95206
SketchPoints 0
BezierPoints 16
-0.492003 -0.655887
-0.492003 -0.204951
-0.664964 0.114393
-0.402548 0.551759
-0.194975 0.897721
0.363228 0.945624
0.715642 0.931951
2.56595 0.860166
4.27667 -1.07029
4.29385 -1.93061
2.5738 0.0126531
1.36793 0.00577259
0.536732 -0.409879
0.30022 -0.52815
-0.492003 -0.920323
-0.492003 -0.655887
P 1.61466 3 1.5529
T 0 1 0
N 0.743546 0 -0.668684
B 0.668684 0 0.743546
SketchPoints 0
BezierPoints 16
-0.492003 -0.655887
-0.492003 -0.204951
-0.664964 0.114393
-0.402548 0.551759
-0.194975 0.897721
0.363228 0.945624
0.715642 0.931951
2.56595 0.860166
4.27667 -1.07029
4.29385 -1.93061
2.5738 0.0126531
1.36793 0.00577259
0.536732 -0.409879
0.30022 -0.52815
-0.492003 -0.920323
-0.492003 -0.655887
P 2.23496 3 0.682414
T 0 1 0
N 0.404912 0 -0.914356
B 0.914356 0 0.404912
SketchPoints 0
BezierPoints 16
-0.492003 -0.655887
-0.492003 -0.204951
-0.664964 0.114393
-0.402548 0.551759
-0.194975 0.897721
0.363228 0.945624
0.715642 0.931951
2.56595 0.860166
4.27667 -1.07029
4.29385 -1.93061
2.5738 0.0126531
1.36793 0.00577259
0.536732 -0.409879
0.30022 -0.52815
-0.492003 -0.920323
-0.492003 -0.655887
P 2.44647 3 -0.360219
T 0 1 0
N 0.017977 0 -0.999838
B 0.999838 0 0.017977
SketchPoints 0
BezierPoints 16
-0.492003 -0.655887
-0.492003 -0.204951
-0.664964 0.114393
-0.402548 0.551759
-0.194975 0.897721
0.363228 0.945624
0.715642 0.931951
2.56595 0.860166
4.27667 -1.07029
4.29385 -1.93061
2.5738 0.0126531
1.36793 0.00577259
0.536732 -0.409879
0.30022 -0.52815
-0.492003 -0.920323
-0.492003 -0.655887
P 2.2149 3 -1.40352
T 0 1 0
N -0.392692 0 -0.91967
B 0.91967 0 -0.392692
SketchPoints 0
BezierPoints 16
-0.492003 -0.655887
-0.492003 -0.204951
-0.664964 0.114393
-0.402548 0.551759
-0.194975 0.897721
0.363228 0.945624
0.715642 0.931951
2.56595 0.860166
4.27667 -1.07029
4.29385 -1.93061
2.5738 0.0126531
1.36793 0.00577259
0.536732 -0.409879
0.30022 -0.52815
-0.492003 -0.920323
-0.492003 -0.655887
P 1.57769 3 -2.26158
T 0 1 0
N -0.734648 0 -0.678448
B 0.678448 0 -0.734648
SketchPoints 0
BezierPoints 16
-0.492003 -0.655887
-0.492003 -0.204951
-0.664964 0.114393
-0.402548 0.551759
-0.194975 0.897721
0.363228 0.945624
0.715642 0.931951
2.56595 0.860166
4.27667 -1.07029
4.29385 -1.93061
2.5738 0.0126531
1.36793 0.00577259
0.536732 -0.409879
0.30022 -0.52815
-0.492003 -0.920323
-0.492003 -0.655887
P 0.645748 3 -2.785
T 0 1 0
N -0.947967 0 -0.318369
B 0.318369 0 -0.947967
SketchPoints 0
BezierPoints 16
-0.492003 -0.655887
-0.492003 -0.204951
-0.664964 0.114393
-0.402548 0.551759
-0.194975 0.897721
0.363228 0.945624
0.715642 0.931951
2.56595 0.860166
4.27667 -1.07029
4.29385 -1.93061
2.5738 0.0126531
1.36793 0.00577259
0.536732 -0.409879
0.30022 -0.52815
-0.492003 -0.920323
-0.492003 -0.655887
P -0.418724 3 -2.88266
T 0 1 0
N -0.995234 0 0.0975113
B -0.0975113 0 -0.995234
SketchPoints 0
BezierPoints 16
-0.492003 -0.655887
-0.492003 -0.204951
-0.664964 0.114393
-0.402548 0.551759
-0.194975 0.897721
0.363228 0.945624
0.715642 0.931951
2.56595 0.860166
4.27667 -1.07029
4.29385 -1.93061
2.5738 0.0126531
1.36793 0.00577259
0.536732 -0.409879
0.30022 -0.52815
-0.492003 -0.920323
-0.492003 -0.655887
P -1.43048 3 -2.53754
T 0 1 0
N -0.868134 0 0.49633
B -0.49633 0 -0.868134
SketchPoints 0
BezierPoints 16
-0.492003 -0.655887
-0.492003 -0.204951
-0.664964 0.114393
-0.402548 0.551759
-0.194975 0.897721
0.363228 0.945624
0.715642 0.931951
2.56595 0.860166
4.27667 -1.07029
4.29385 -1.93061
2.5738 0.0126531
1.36793 0.00577259
0.536732 -0.409879
0.30022 -0.52815
-0.492003 -0.920323
-0.492003 -0.655887
P -2.21347 3 -1.80968
T 0 1 0
N -0.588916 0 0.808194
B -0.808194 0 -0.588916
SketchPoints 0
BezierPoints 16
-0.492003 -0.655887
-0.492003 -0.204951
-0.664964 0.114393
-0.402548 0.551759
-0.194975 0.897721
0.363228 0.945624
0.715642 0.931951
2.56595 0.860166
4.27667 -1.07029
4.29385 -1.93061
2.5738 0.0126531
1.36793 0.00577259
0.536732 -0.409879
0.30022 -0.52815
-0.492003 -0.920323
-0.492003 -0.655887
P 1.93738 3 -1.87395
T 0 1 0
N -0.611495 0 -0.791248
B 0.791248 0 -0.611495
SketchPoints 163
-0.382813 1.02784
-0.421095 1.12356
-0.459376 1.2384
-0.497658 1.35325
-0.535939 1.46809
-0.593361 1.58293
-0.650784 1.69779
-0.746487 1.85091
-0.861333 2.00404
-0.976177 2.19544
-1.05274 2.34857
-1.14844 2.50169
-1.225 2.63567
-1.30157 2.73139
-1.37813 2.80793
-1.43555 2.86538
-1.49297 2.92278
-1.5504 2.96107
-1.58868 2.99933
-1.62696 3.03764
-1.68438 3.05678
-1.62696 3.09505
-1.58868 3.13334
-1.5504 3.19077
-1.51212 3.22903
-1.45469 3.28646
-1.43555 3.34389
-1.35899 3.42043
-1.28243 3.47788
-1.14844 3.63099
-1.0336 3.74584
-0.880473 3.91809
-0.708206 4.12865
-0.55508 4.33919
-0.382813 4.49233
-0.229688 4.64545
-0.0574212 4.79858
0.114845 4.95172
0.325393 5.10483
0.535941 5.25795
0.76563 5.33453
0.976178 5.43021
1.30157 5.54508
1.51212 5.62163
1.70353 5.67906
1.91407 5.73649
2.12462 5.81303
2.33517 5.8896
2.54572 5.94704
2.75626 6.00442
2.96681 6.02359
3.11994 6.02358
3.31135 6.06186
3.38791 6.06186
3.44533 6.06186
3.52189 6.06186
3.57932 6.06186
3.65588 6.04272
3.59846 6.02358
3.54103 5.9853
3.42619 5.92789
3.34963 5.90874
3.27306 5.8896
3.15822 5.85133
3.06252 5.81303
2.96681 5.77474
2.87111 5.73649
2.75626 5.67906
2.64142 5.62163
2.50744 5.5642
2.41173 5.50679
2.31603 5.44936
2.20118 5.39192
2.12462 5.33454
2.0672 5.2771
1.99064 5.23881
1.93321 5.18139
1.85665 5.12398
1.78009 5.06656
1.70353 5.00911
1.62696 4.95169
1.56954 4.89429
1.51212 4.83686
1.4547 4.77943
1.33985 4.70286
1.26329 4.6263
1.16758 4.5689
1.11016 4.51145
1.05274 4.47318
0.976178 4.41578
0.899615 4.35834
0.823052 4.32005
0.746489 4.26265
0.669926 4.2052
0.593363 4.16692
0.535941 4.10951
0.401956 4.0138
0.325393 3.9564
0.267971 3.91811
0.191408 3.86067
0.153127 3.82241
0.0957046 3.78411
9.53674e-07 3.7267
-0.0574212 3.68841
-0.114843 3.65015
-0.153125 3.61185
-0.267969 3.55442
-0.344532 3.51616
-0.421095 3.47787
-0.459376 3.43959
-0.55508 3.38217
-0.497658 3.38217
-0.440236 3.40128
-0.382813 3.36304
-0.344532 3.32474
-0.28711 3.28645
-0.248828 3.22905
-0.229688 3.17161
-0.191406 3.13334
-0.153125 3.07591
-0.0957026 2.9802
-0.0574212 2.88449
-0.0191398 2.82708
9.53674e-07 2.75053
0.0382824 2.6931
0.0574231 2.61655
0.0765638 2.5591
0.114845 2.48256
0.133986 2.40599
0.172267 2.32943
0.210549 2.25285
0.22969 2.17631
0.24883 2.11888
0.267971 2.02318
0.287112 1.96575
0.306252 1.8892
0.325393 1.79349
0.344534 1.69779
0.363675 1.6212
0.363675 1.54467
0.382815 1.48723
0.382815 1.42981
0.382815 1.37239
0.382815 1.29583
0.401956 1.21925
0.401956 1.12356
0.401956 1.06614
0.401956 1.00869
0.401956 0.951304
0.401956 0.874731
0.382815 0.817306
0.382815 0.759886
0.382815 0.702443
0.382815 0.645053
0.382815 0.568479
0.382815 0.491901
0.382815 0.415344
0.382815 0.338788
0.382815 0.262217
0.363675 0.204817
0.363675 0.147383
0.344534 0.0899581
0.344534 0.0325363
BezierPoints 37
0.368317 -0.416427
0.398233 0.196989
0.881672 1.48699
1.225 2.00201
1.26452 2.06129
1.68438 2.39222
1.68438 2.42313
1.68438 2.60265
0.787836 3.13417
0.694874 3.25843
-0.250832 4.52253
-0.774006 4.80893
-2.12462 5.17938
-2.26764 5.2186
-2.57 5.25334
-3.005 5.21767
-2.64734 4.99657
-2.52969 4.88113
-2.20118 4.75826
-0.620441 4.16702
-0.85442 3.51519
-0.0684929 3.1004
0.142155 2.98923
0.427873 2.9393
0.55508 2.74852
0.618396 2.65356
0.26175 2.67684
0.210705 2.57476
0.0492581 2.2519
-0.142509 1.6029
-0.211771 1.24222
-0.385584 0.337101
-0.344534 0.150878
-0.344534 -0.601122
-0.344534 -0.909308
0.345604 -0.88214
0.368317 -0.416427
P 1.13648 3 -2.57463
T 0 1 0
N -0.880799 0 -0.473491
B 0.473491 0 -0.880799
SketchPoints 0
BezierPoints 37
0.368317 -0.416427
0.398233 0.196989
0.881672 1.48699
1.225 2.00201
1.26452 2.06129
1.68438 2.39222
1.68438 2.42313
1.68438 2.60265
0.787836 3.13417
0.694874 3.25843
-0.250832 4.52253
-0.774006 4.80893
-2.12462 5.17938
-2.26764 5.2186
-2.57 5.25334
-3.005 5.21767
-2.64734 4.99657
-2.52969 4.88113
-2.20118 4.75826
-0.620441 4.16702
-0.85442 3.51519
-0.0684929 3.1004
0.142155 2.98923
0.427873 2.9393
0.55508 2.74852
0.618396 2.65356
0.26175 2.67684
0.210705 2.57476
0.0492581 2.2519
-0.142509 1.6029
-0.211771 1.24222
-0.385584 0.337101
-0.344534 0.150878
-0.344534 -0.601122
-0.344534 -0.909308
0.345604 -0.88214
0.368317 -0.416427
P 0.120048 3 -2.88959
T 0 1 0
N -0.997286 0 -0.0736182
B 0.0736182 0 -0.997286
SketchPoints 0
BezierPoints 37
0.368317 -0.416427
0.398233 0.196989
0.881672 1.48699
1.225 2.00201
1.26452 2.06129
1.68438 2.39222
1.68438 2.42313
1.68438 2.60265
0.787836 3.13417
0.694874 3.25843
-0.250832 4.52253
-0.774006 4.80893
-2.12462 5.17938
-2.26764 5.2186
-2.57 5.25334
-3.005 5.21767
-2.64734 4.99657
-2.52969 4.88113
-2.20118 4.75826
-0.620441 4.16702
-0.85442 3.51519
-0.0684929 3.1004
0.142155 2.98923
0.427873 2.9393
0.55508 2.74852
0.618396 2.65356
0.26175 2.67684
0.210705 2.57476
0.0492581 2.2519
-0.142509 1.6029
-0.211771 1.24222
-0.385584 0.337101
-0.344534 0.150878
-0.344534 -0.601122
-0.344534 -0.909308
0.345604 -0.88214
0.368317 -0.416427
P -0.936629 3 -2.76449
T 0 1 0
N -0.940792 0 0.338984
B -0.338984 0 -0.940792
SketchPoints 0
BezierPoints 37
0.368317 -0.416427
0.398233 0.196989
0.881672 1.48699
1.225 2.00201
1.26452 2.06129
1.68438 2.39222
1.68438 2.42313
1.68438 2.60265
0.787836 3.13417
0.694874 3.25843
-0.250832 4.52253
-0.774006 4.80893
-2.12462 5.17938
-2.26764 5.2186
-2.57 5.25334
-3.005 5.21767
-2.64734 4.99657
-2.52969 4.88113
-2.20118 4.75826
-0.620441 4.16702
-0.85442 3.51519
-0.0684929 3.1004
0.142155 2.98923
0.427873 2.9393
0.55508 2.74852
0.618396 2.65356
0.26175 2.67684
0.210705 2.57476
0.0492581 2.2519
-0.142509 1.6029
-0.211771 1.24222
-0.385584 0.337101
-0.344534 0.150878
-0.344534 -0.601122
-0.344534 -0.909308
0.345604 -0.88214
0.368317 -0.416427
P -1.85131 3 -2.22094
T 0 1 0
N -0.721168 0 0.69276
B -0.69276 0 -0.721168
SketchPoints 0
BezierPoints 37
0.368317 -0.416427
0.398233 0.196989
0.881672 1.48699
1.225 2.00201
1.26452 2.06129
1.68438 2.39222
1.68438 2.42313
1.68438 2.60265
0.787836 3.13417
0.694874 3.25843
-0.250832 4.52253
-0.774006 4.80893
-2.12462 5.17938
-2.26764 5.2186
-2.57 5.25334
-3.005 5.21767
-2.64734 4.99657
-2.52969 4.88113
-2.20118 4.75826
-0.620441 4.16702
-0.85442 3.51519
-0.0684929 3.1004
0.142155 2.98923
0.427873 2.9393
0.55508 2.74852
0.618396 2.65356
0.26175 2.67684
0.210705 2.57476
0.0492581 2.2519
-0.142509 1.6029
-0.211771 1.24222
-0.385584 0.337101
-0.344534 0.150878
-0.344534 -0.601122
-0.344534 -0.909308
0.345604 -0.88214
0.368317 -0.416427
P -2.46619 3 -1.35268
T 0 1 0
N -0.376554 0 0.926395
B -0.926395 0 -0.376554
SketchPoints 0
BezierPoints 37
0.368317 -0.416427
0.398233 0.196989
0.881672 1.48699
1.225 2.00201
1.26452 2.06129
1.68438 2.39222
1.68438 2.42313
1.68438 2.60265
0.787836 3.13417
0.694874 3.25843
-0.250832 4.52253
-0.774006 4.80893
-2.12462 5.17938
-2.26764 5.2186
-2.57 5.25334
-3.005 5.21767
-2.64734 4.99657
-2.52969 4.88113
-2.20118 4.75826
-0.620441 4.16702
-0.85442 3.51519
-0.0684929 3.1004
0.142155 2.98923
0.427873 2.9393
0.55508 2.74852
0.618396 2.65356
0.26175 2.67684
0.210705 2.57476
0.0492581 2.2519
-0.142509 1.6029
-0.211771 1.24222
-0.385584 0.337101
-0.344534 0.150878
-0.344534 -0.601122
-0.344534 -0.909308
0.345604 -0.88214
0.368317 -0.416427
P -2.67574 3 -0.309662
T 0 1 0
N 0.0128361 0 0.999918
B -0.999918 0 0.0128361
SketchPoints 0
BezierPoints 37
0.368317 -0.416427
0.398233 0.196989
0.881672 1.48699
1.225 2.00201
1.26452 2.06129
1.68438 2.39222
1.68438 2.42313
1.68438 2.60265
0.787836 3.13417
0.694874 3.25843
-0.250832 4.52253
-0.774006 4.80893
-2.12462 5.17938
-2.26764 5.2186
-2.57 5.25334
-3.005 5.21767
-2.64734 4.99657
-2.52969 4.88113
-2.20118 4.75826
-0.620441 4.16702
-0.85442 3.51519
-0.0684929 3.1004
0.142155 2.98923
0.427873 2.9393
0.55508 2.74852
0.618396 2.65356
0.26175 2.67684
0.210705 2.57476
0.0492581 2.2519
-0.142509 1.6029
-0.211771 1.24222
-0.385584 0.337101
-0.344534 0.150878
-0.344534 -0.601122
-0.344534 -0.909308
0.345604 -0.88214
0.368317 -0.416427
P -2.44417 3 0.728584
T 0 1 0
N 0.418971 0 0.907999
B -0.907999 0 0.418971
SketchPoints 0
BezierPoints 37
0.368317 -0.416427
0.398233 0.196989
0.881672 1.48699
1.225 2.00201
1.26452 2.06129
1.68438 2.39222
1.68438 2.42313
1.68438 2.60265
0.787836 3.13417
0.694874 3.25843
-0.250832 4.52253
-0.774006 4.80893
-2.12462 5.17938
-2.26764 5.2186
-2.57 5.25334
-3.005 5.21767
-2.64734 4.99657
-2.52969 4.88113
-2.20118 4.75826
-0.620441 4.16702
-0.85442 3.51519
-0.0684929 3.1004
0.142155 2.98923
0.427873 2.9393
0.55508 2.74852
0.618396 2.65356
0.26175 2.67684
0.210705 2.57476
0.0492581 2.2519
-0.142509 1.6029
-0.211771 1.24222
-0.385584 0.337101
-0.344534 0.150878
-0.344534 -0.601122
-0.344534 -0.909308
0.345604 -0.88214
0.368317 -0.416427
P -1.81071 3 1.58329
T 0 1 0
N 0.752493 0 0.658601
B -0.658601 0 0.752493
SketchPoints 0
BezierPoints 37
0.368317 -0.416427
0.398233 0.196989
0.881672 1.48699
1.225 2.00201
1.26452 2.06129
1.68438 2.39222
1.68438 2.42313
1.68438 2.60265
0.787836 3.13417
0.694874 3.25843
-0.250832 4.52253
-0.774006 4.80893
-2.12462 5.17938
-2.26764 5.2186
-2.57 5.25334
-3.005 5.21767
-2.64734 4.99657
-2.52969 4.88113
-2.20118 4.75826
-0.620441 4.16702
-0.85442 3.51519
-0.0684929 3.1004
0.142155 2.98923
0.427873 2.9393
0.55508 2.74852
0.618396 2.65356
0.26175 2.67684
0.210705 2.57476
0.0492581 2.2519
-0.142509 1.6029
-0.211771 1.24222
-0.385584 0.337101
-0.344534 0.150878
-0.344534 -0.601122
-0.344534 -0.909308
0.345604 -0.88214
0.368317 -0.416427
P -0.884592 3 2.10701
T 0 1 0
N 0.955516 0 0.294938
B -0.294938 0 0.955516
SketchPoints 0
BezierPoints 37
0.368317 -0.416427
0.398233 0.196989
0.881672 1.48699
1.225 2.00201
1.26452 2.06129
1.68438 2.39222
1.68438 2.42313
1.68438 2.60265
0.787836 3.13417
0.694874 3.25843
-0.250832 4.52253
-0.774006 4.80893
-2.12462 5.17938
-2.26764 5.2186
-2.57 5.25334
-3.005 5.21767
-2.64734 4.99657
-2.52969 4.88113
-2.20118 4.75826
-0.620441 4.16702
-0.85442 3.51519
-0.0684929 3.1004
0.142155 2.98923
0.427873 2.9393
0.55508 2.74852
0.618396 2.65356
0.26175 2.67684
0.210705 2.57476
0.0492581 2.2519
-0.142509 1.6029
-0.211771 1.24222
-0.385584 0.337101
-0.344534 0.150878
-0.344534 -0.601122
-0.344534 -0.909308
0.345604 -0.88214
0.368317 -0.416427
P 0.179491 3 2.20885
T 0 1 0
N 0.992532 0 -0.121981
B 0.121981 0 0.992532
SketchPoints 0
BezierPoints 37
0.368317 -0.416427
0.398233 0.196989
0.881672 1.48699
1.225 2.00201
1.26452 2.06129
1.68438 2.39222
1.68438 2.42313
1.68438 2.60265
0.787836 3.13417
0.694874 3.25843
-0.250832 4.52253
-0.774006 4.80893
-2.12462 5.17938
-2.26764 5.2186
-2.57 5.25334
-3.005 5.21767
-2.64734 4.99657
-2.52969 4.88113
-2.20118 4.75826
-0.620441 4.16702
-0.85442 3.51519
-0.0684929 3.1004
0.142155 2.98923
0.427873 2.9393
0.55508 2.74852
0.618396 2.65356
0.26175 2.67684
0.210705 2.57476
0.0492581 2.2519
-0.142509 1.6029
-0.211771 1.24222
-0.385584 0.337101
-0.344534 0.150878
-0.344534 -0.601122
-0.344534 -0.909308
0.345604 -0.88214
0.368317 -0.416427
P 1.19259 3 1.86772
T 0 1 0
N 0.855654 0 -0.517548
B 0.517548 0 0.855654
SketchPoints 0
BezierPoints 37
0.368317 -0.416427
0.398233 0.196989
0.881672 1.48699
1.225 2.00201
1.26452 2.06129
1.68438 2.39222
1.68438 2.42313
1.68438 2.60265
0.787836 3.13417
0.694874 3.25843
-0.250832 4.52253
-0.774006 4.80893
-2.12462 5.17938
-2.26764 5.2186
-2.57 5.25334
-3.005 5.21767
-2.64734 4.99657
-2.52969 4.88113
-2.20118 4.75826
-0.620441 4.16702
-0.85442 3.51519
-0.0684929 3.1004
0.142155 2.98923
0.427873 2.9393
0.55508 2.74852
0.618396 2.65356
0.26175 2.67684
0.210705 2.57476
0.0492581 2.2519
-0.142509 1.6029
-0.211771 1.24222
-0.385584 0.337101
-0.344534 0.150878
-0.344534 -0.601122
-0.344534 -0.909308
0.345604 -0.88214
0.368317 -0.416427
P 1.97843 3 1.14294
T 0 1 0
N 0.568845 0 -0.822445
B 0.822445 0 0.568845
SketchPoints 0
BezierPoints 37
0.368317 -0.416427
0.398233 0.196989
0.881672 1.48699
1.225 2.00201
1.26452 2.06129
1.68438 2.39222
1.68438 2.42313
1.68438 2.60265
0.787836 3.13417
0.694874 3.25843
-0.250832 4.52253
-0.774006 4.80893
-2.12462 5.17938
-2.26764 5.2186
-2.57 5.25334
-3.005 5.21767
-2.64734 4.99657
-2.52969 4.88113
-2.20118 4.75826
-0.620441 4.16702
-0.85442 3.51519
-0.0684929 3.1004
0.142155 2.98923
0.427873 2.9393
0.55508 2.74852
0.618396 2.65356
0.26175 2.67684
0.210705 2.57476
0.0492581 2.2519
-0.142509 1.6029
-0.211771 1.24222
-0.385584 0.337101
-0.344534 0.150878
-0.344534 -0.601122
-0.344534 -0.909308
0.345604 -0.88214
0.368317 -0.416427
P 2.40025 3 0.160611
T 0 1 0
N 0.182357 0 -0.983232
B 0.983232 0 0.182357
SketchPoints 0
BezierPoints 37
0.368317 -0.416427
0.398233 0.196989
0.881672 1.48699
1.225 2.00201
1.26452 2.06129
1.68438 2.39222
1.68438 2.42313
1.68438 2.60265
0.787836 3.13417
0.694874 3.25843
-0.250832 4.52253
-0.774006 4.80893
-2.12462 5.17938
-2.26764 5.2186
-2.57 5.25334
-3.005 5.21767
-2.64734 4.99657
-2.52969 4.88113
-2.20118 4.75826
-0.620441 4.16702
-0.85442 3.51519
-0.0684929 3.1004
0.142155 2.98923
0.427873 2.9393
0.55508 2.74852
0.618396 2.65356
0.26175 2.67684
0.210705 2.57476
0.0492581 2.2519
-0.142509 1.6029
-0.211771 1.24222
-0.385584 0.337101
-0.344534 0.150878
-0.344534 -0.601122
-0.344534 -0.909308
0.345604 -0.88214
0.368317 -0.416427
P 2.38466 3 -0.908352
T 0 1 0
N -0.236077 0 -0.971734
B 0.971734 0 -0.236077
SketchPoints 0
BezierPoints 37
0.368317 -0.416427
0.398233 0.196989
0.881672 1.48699
1.225 2.00201
1.26452 2.06129
1.68438 2.39222
1.68438 2.42313
1.68438 2.60265
0.787836 3.13417
0.694874 3.25843
-0.250832 4.52253
-0.774006 4.80893
-2.12462 5.17938
-2.26764 5.2186
-2.57 5.25334
-3.005 5.21767
-2.64734 4.99657
-2.52969 4.88113
-2.20118 4.75826
-0.620441 4.16702
-0.85442 3.51519
-0.0684929 3.1004
0.142155 2.98923
0.427873 2.9393
0.55508 2.74852
0.618396 2.65356
0.26175 2.67684
0.210705 2.57476
0.0492581 2.2519
-0.142509 1.6029
-0.211771 1.24222
-0.385584 0.337101
-0.344534 0.150878
-0.344534 -0.601122
-0.344534 -0.909308
0.345604 -0.88214
0.368317 -0.416427
